7.35502e-03             6.99256e-02             3.17895e-01
   7.35812e-03             6.99124e-02             3.17895e-01
   7.36432e-03             6.98860e-02             3.17895e-01
   7.37362e-03             6.98465e-02             3.17895e-01
   7.38601e-03             6.97939e-02             3.17895e-01
   7.40150e-03             6.97281e-02             3.17895e-01
   7.42242e-03             6.96489e-02             3.17895e-01
   7.44696e-03             6.95566e-02             3.17895e-01
   7.47500e-03             6.94512e-02             3.17895e-01
   7.50652e-03             6.93326e-02             3.17895e-01
   7.54151e-03             6.92010e-02             3.17895e-01
   7.58180e-03             6.90562e-02             3.17895e-01
   7.62685e-03             6.88982e-02             3.17895e-01
   7.67560e-03             6.87272e-02             3.17895e-01
   7.72804e-03             6.85433e-02             3.17895e-01
   7.78416e-03             6.83465e-02             3.17895e-01
   7.84384e-03             6.81368e-02             3.17895e-01
   7.90707e-03             6.79144e-02             3.17895e-01
   7.97393e-03             6.76792e-02             3.17895e-01
   8.04439e-03             6.74313e-02             3.17895e-01
   8.11845e-03             6.71708e-02             3.17895e-01
   8.19206e-03             6.68981e-02             3.17895e-01
   8.26681e-03             6.66133e-02             3.17895e-01
   8.34481e-03             6.63160e-02             3.17895e-01
   8.42604e-03             6.60064e-02             3.17895e-01
   8.51048e-03             6.56845e-02             3.17895e-01
   8.58797e-03             6.53516e-02             3.17895e-01
   8.66686e-03             6.50067e-02             3.17895e-01
   8.74849e-03             6.46500e-02             3.17895e-01
   8.83283e-03             6.42813e-02             3.17895e-01
   8.91782e-03             6.39011e-02             3.17895e-01
   8.99433e-03             6.35104e-02             3.17895e-01
   9.07309e-03             6.31081e-02             3.17895e-01
   9.15409e-03             6.26944e-02             3.17895e-01
   9.23732e-03             6.22693e-02             3.17895e-01
   9.31874e-03             6.18335e-02             3.17895e-01
   9.39645e-03             6.13871e-02             3.17895e-01
   9.47607e-03             6.09297e-02             3.17895e-01
   9.55758e-03             6.04615e-02             3.17895e-01
   9.64097e-03             5.99824e-02             3.17895e-01
   9.72148e-03             5.94933e-02             3.17895e-01
   9.80101e-03             5.89939e-02             3.17895e-01
   9.88219e-03             5.84841e-02             3.17895e-01
   9.96501e-03             5.79641e-02             3.17895e-01
   1.00494e-02             5.74339e-02             3.17895e-01
   1.01291e-02             5.68944e-02             3.17895e-01
   1.02091e-02             5.63451e-02             3.17895e-01
   1.02906e-02             5.57862e-02             3.17895e-01
   1.03735e-02             5.52176e-02             3.17895e-01
   1.04570e-02             5.46397e-02             3.17895e-01
   1.05351e-02             5.40532e-02             3.17895e-01
   1.06145e-02             5.34576e-02             3.17895e-01
   1.06950e-02             5.28530e-02             3.17895e-01
   1.07767e-02             5.22395e-02             3.17895e-01
   1.08569e-02             5.16176e-02             3.17895e-01
   1.09330e-02             5.09877e-02             3.17895e-01
   1.10102e-02             5.03495e-02             3.17895e-01
   1.10883e-02             4.97030e-02             3.17895e-01
   1.11674e-02             4.90485e-02             3.17895e-01
   1.12423e-02             4.83866e-02             3.17895e-01
   1.13148e-02             4.77174e-02             3.17895e-01
   1.13882e-02             4.70406e-02             3.17895e-01
   1.14623e-02             4.63564e-02             3.17895e-01
   1.15373e-02             4.56650e-02             3.17895e-01
   1.16039e-02             4.49675e-02             3.17895e-01
   1.16705e-02             4.42632e-02             3.17895e-01
   1.17377e-02             4.35522e-02             3.17895e-01
   1.18055e-02             4.28347e-02             3.17895e-01
   1.18710e-02             4.21111e-02             3.17895e-01
   1.19282e-02             4.13824e-02             3.17895e-01
   1.19859e-02             4.06476e-02             3.17895e-01
   1.20440e-02             3.99071e-02             3.17895e-01
   1.21026e-02             3.91609e-02             3.17895e-01
   1.21522e-02             3.84104e-02             3.17895e-01
   1.21963e-02             3.76552e-02             3.17895e-01
   1.22407e-02             3.68950e-02             3.17895e-01
   1.22854e-02             3.61299e-02             3.17895e-01
   1.23301e-02             3.53602e-02             3.17895e-01
   1.23595e-02             3.45876e-02             3.17895e-01
   1.23890e-02             3.38108e-02             3.17895e-01
   1.24186e-02             3.30299e-02             3.17895e-01
   1.24484e-02             3.22451e-02             3.17895e-01
   1.24715e-02             3.14573e-02             3.17895e-01
   1.24853e-02             3.06671e-02             3.17895e-01
   1.24991e-02             2.98735e-02             3.17895e-01
   1.25130e-02             2.90768e-02             3.17895e-01
   1.25269e-02             2.82772e-02             3.17895e-01
   1.25271e-02             2.74764e-02             3.17895e-01
   1.25245e-02             2.66734e-02             3.17895e-01
   1.25219e-02             2.58680e-02             3.17895e-01
   1.25193e-02             2.50605e-02             3.17895e-01
   1.25125e-02             2.42516e-02             3.17895e-01
   1.24933e-02             2.34422e-02             3.17895e-01
   1.24742e-02             2.26314e-02             3.17895e-01
   1.24549e-02             2.18192e-02             3.17895e-01
   1.24357e-02             2.10060e-02             3.17895e-01
   1.24051e-02             2.01930e-02             3.17895e-01
   1.23689e-02             1.93799e-02             3.17895e-01
   1.23328e-02             1.85663e-02             3.17895e-01
   1.22966e-02             1.77524e-02             3.17895e-01
   1.22587e-02             1.69386e-02             3.17895e-01
   1.22056e-02             1.61264e-02             3.17895e-01
   1.21526e-02             1.53146e-02             3.17895e-01
   1.20996e-02             1.45033e-02             3.17895e-01
   1.20466e-02             1.36927e-02             3.17895e-01
   1.19850e-02             1.28839e-02             3.17895e-01
   1.19157e-02             1.20770e-02             3.17895e-01
   1.18464e-02             1.12714e-02             3.17895e-01
   1.17773e-02             1.04673e-02             3.17895e-01
   1.17084e-02             9.66489e-03             3.17895e-01
   1.16232e-02             8.86611e-03             3.17895e-01
   1.15373e-02             8.06951e-03             3.17895e-01
   1.14517e-02             7.27519e-03             3.17895e-01
   1.13664e-02             6.48335e-03             3.17895e-01
   1.12748e-02             5.69486e-03             3.17895e-01
   1.11729e-02             4.91038e-03             3.17895e-01
   1.10713e-02             4.12895e-03             3.17895e-01
   1.09701e-02             3.35076e-03             3.17895e-01
   1.08694e-02             2.57602e-03             3.17895e-01
   1.07555e-02             1.80635e-03             3.17895e-01
   1.06388e-02             1.04084e-03             3.17895e-01
   1.05227e-02             2.79333e-04             3.17895e-01
   1.04072e-02            -4.77984e-04             3.17895e-01
   1.02884e-02            -1.23050e-03             3.17895e-01
   1.01572e-02            -1.97708e-03             3.17895e-01
   1.00268e-02            -2.71892e-03             3.17895e-01
   9.89725e-03            -3.45585e-03             3.17895e-01
   9.76862e-03            -4.18767e-03             3.17895e-01
   9.62945e-03            -4.91301e-03             3.17895e-01
   9.48551e-03            -5.63228e-03             3.17895e-01
   9.34269e-03            -6.34593e-03             3.17895e-01
   9.20103e-03            -7.05379e-03             3.17895e-01
   9.05889e-03            -7.75549e-03             3.17895e-01
   8.90157e-03            -8.44931e-03             3.17895e-01
   8.74569e-03            -9.13684e-03             3.17895e-01
   8.59127e-03            -9.81790e-03             3.17895e-01
   8.43835e-03            -1.04923e-02             3.17895e-01
   8.27749e-03            -1.11589e-02             3.17895e-01
   8.10982e-03            -1.18177e-02             3.17895e-01
   7.94397e-03            -1.24693e-02             3.17895e-01
   7.77996e-03            -1.31137e-02             3.17895e-01
   7.61784e-03            -1.37506e-02             3.17895e-01
   7.43977e-03            -1.43781e-02             3.17895e-01
   7.26325e-03            -1.49978e-02             3.17895e-01
   7.08898e-03            -1.56096e-02             3.17895e-01
   6.91699e-03            -1.62134e-02             3.17895e-01
   6.73926e-03            -1.68081e-02             3.17895e-01
   6.55248e-03            -1.73933e-02             3.17895e-01
   6.36839e-03            -1.79701e-02             3.17895e-01
   6.18704e-03            -1.85383e-02             3.17895e-01
   6.00847e-03            -1.90978e-02             3.17895e-01
   5.81527e-03            -1.96466e-02             3.17895e-01
   5.62247e-03            -2.01862e-02             3.17895e-01
   5.43291e-03            -2.07167e-02             3.17895e-01
   5.24665e-03            -2.12379e-02             3.17895e-01
   5.05673e-03            -2.17490e-02             3.17895e-01
   4.85576e-03            -2.22492e-02             3.17895e-01
   4.65863e-03            -2.27398e-02             3.17895e-01
   4.46539e-03            -2.32207e-02             3.17895e-01
   4.27608e-03            -2.36918e-02             3.17895e-01
   4.07242e-03            -2.41511e-02             3.17895e-01
   3.86854e-03            -2.45999e-02             3.17895e-01
   3.66925e-03            -2.50386e-02             3.17895e-01
   3.47459e-03            -2.54671e-02             3.17895e-01
   3.27764e-03            -2.58846e-02             3.17895e-01
   3.06833e-03            -2.62899e-02             3.17895e-01
   2.86441e-03            -2.66848e-02             3.17895e-01
   2.66593e-03            -2.70691e-02             3.17895e-01
   2.47295e-03            -2.74428e-02             3.17895e-01
   2.26291e-03            -2.78033e-02             3.17895e-01
   2.05329e-03            -2.81526e-02             3.17895e-01
   1.85015e-03            -2.84910e-02             3.17895e-01
   1.65355e-03            -2.88185e-02             3.17895e-01
   1.45300e-03            -2.91340e-02             3.17895e-01
   1.23854e-03            -2.94362e-02             3.17895e-01
   1.03190e-03            -2.97274e-02             3.17895e-01
   8.33126e-04            -3.00076e-02             3.17895e-01
   6.42257e-04            -3.02766e-02             3.17895e-01
   4.28530e-04            -3.05311e-02             3.17895e-01
   2.20559e-04            -3.07741e-02             3.17895e-01
   2.21548e-05            -3.10060e-02             3.17895e-01
  -1.66634e-04            -3.12266e-02             3.17895e-01
  -3.67147e-04            -3.14337e-02             3.17895e-01
  -5.78666e-04            -3.16272e-02             3.17895e-01
  -7.78014e-04            -3.18096e-02             3.17895e-01
  -9.65142e-04            -3.19809e-02             3.17895e-01
  -1.14694e-03            -3.21401e-02             3.17895e-01
  -1.36081e-03            -3.22835e-02             3.17895e-01
  -1.55843e-03            -3.24159e-02             3.17895e-01
  -1.73975e-03            -3.25375e-02             3.17895e-01
  -1.90473e-03            -3.26481e-02             3.17895e-01
  -2.10749e-03            -3.27420e-02             3.17895e-01
  -2.30428e-03            -3.28238e-02             3.17895e-01
  -2.47657e-03            -3.28954e-02             3.17895e-01
  -2.62433e-03            -3.29568e-02             3.17895e-01
  -2.81197e-03            -3.30012e-02             3.17895e-01
  -3.03934e-03            -3.30287e-02             3.17895e-01
  -3.20991e-03            -3.30492e-02             3.17895e-01
  -3.32365e-03            -3.30630e-02             3.17895e-01
  -3.38053e-03            -3.30698e-02             3.17895e-01
  -3.50446e-03            -3.30439e-02             3.17895e-01
  -3.75228e-03            -3.29922e-02             3.17895e-01
  -3.97184e-03            -3.29306e-02             3.17895e-01
  -4.02611e-03            -3.28735e-02             3.17895e-01
  -4.09391e-03            -3.28022e-02             3.17895e-01
  -4.17524e-03            -3.27167e-02             3.17895e-01
  -4.27008e-03            -3.26170e-02             3.17895e-01
  -4.33551e-03            -3.25076e-02             3.17895e-01
  -4.36684e-03            -3.23891e-02             3.17895e-01
  -4.40163e-03            -3.22575e-02             3.17895e-01
  -4.43986e-03            -3.21129e-02             3.17895e-01
  -4.48153e-03            -3.19552e-02             3.17895e-01
  -4.51830e-03            -3.17855e-02             3.17895e-01
  -4.53398e-03            -3.16055e-02             3.17895e-01
  -4.55076e-03            -3.14128e-02             3.17895e-01
  -4.56864e-03            -3.12075e-02             3.17895e-01
  -4.58760e-03            -3.09897e-02             3.17895e-01
  -4.60657e-03            -3.07596e-02             3.17895e-01
  -4.60206e-03            -3.05196e-02             3.17895e-01
  -4.59732e-03            -3.02674e-02             3.17895e-01
  -4.59236e-03            -3.00030e-02             3.17895e-01
  -4.58716e-03            -2.97265e-02             3.17895e-01
  -4.58175e-03            -2.94380e-02             3.17895e-01
  -4.55870e-03            -2.91394e-02             3.17895e-01
  -4.53180e-03            -2.88292e-02             3.17895e-01
  -4.50389e-03            -2.85074e-02             3.17895e-01
  -4.47496e-03            -2.81739e-02             3.17895e-01
  -4.44503e-03            -2.78288e-02             3.17895e-01
  -4.40545e-03            -2.74732e-02             3.17895e-01
  -4.35972e-03            -2.71067e-02             3.17895e-01
  -4.31259e-03            -2.67290e-02             3.17895e-01
  -4.26406e-03            -2.63401e-02             3.17895e-01
  -4.21416e-03            -2.59402e-02             3.17895e-01
  -4.15955e-03            -2.55297e-02             3.17895e-01
  -4.09783e-03            -2.51088e-02             3.17895e-01
  -4.03454e-03            -2.46773e-02             3.17895e-01
  -3.96969e-03            -2.42351e-02             3.17895e-01
  -3.90330e-03            -2.37824e-02             3.17895e-01
  -3.83507e-03            -2.33194e-02             3.17895e-01
  -3.76068e-03            -2.28465e-02             3.17895e-01
  -3.68468e-03            -2.23634e-02             3.17895e-01
  -3.60710e-03            -2.18704e-02             3.17895e-01
  -3.52796e-03            -2.13674e-02             3.17895e-01
  -3.44728e-03            -2.08546e-02             3.17895e-01
  -3.36280e-03            -2.03323e-02             3.17895e-01
  -3.27592e-03            -1.98006e-02             3.17895e-01
  -3.18751e-03            -1.92595e-02             3.17895e-01
  -3.09758e-03            -1.87092e-02             3.17895e-01
  -3.00615e-03            -1.81497e-02             3.17895e-01
  -2.91267e-03            -1.75812e-02             3.17895e-01
  -2.81675e-03            -1.70040e-02             3.17895e-01
  -2.71939e-03            -1.64181e-02             3.17895e-01
  -2.62060e-03            -1.58236e-02             3.17895e-01
  -2.52042e-03            -1.52207e-02             3.17895e-01
  -2.41884e-03            -1.46095e-02             3.17895e-01
  -2.31535e-03            -1.39903e-02             3.17895e-01
  -2.21053e-03            -1.33630e-02             3.17895e-01
  -2.10440e-03            -1.27280e-02             3.17895e-01
  -1.99700e-03            -1.20853e-02             3.17895e-01
  -1.88833e-03            -1.14351e-02             3.17895e-01
  -1.77853e-03            -1.07776e-02             3.17895e-01
  -1.66756e-03            -1.01129e-02             3.17895e-01
  -1.55543e-03            -9.44113e-03             3.17895e-01
  -1.44215e-03            -8.76254e-03             3.17895e-01
  -1.32776e-03            -8.07728e-03             3.17895e-01
  -1.21260e-03            -7.38547e-03             3.17895e-01
  -1.09720e-03            -6.68723e-03             3.17895e-01
  -9.80768e-04            -5.98283e-03             3.17895e-01
  -8.63349e-04            -5.27243e-03             3.17895e-01
  -7.44968e-04            -4.55620e-03             3.17895e-01
  -6.25654e-04            -3.83434e-03             3.17895e-01
  -5.06846e-04            -3.10686e-03             3.17895e-01
  -3.87305e-04            -2.37408e-03             3.17895e-01
  -2.66930e-04            -1.63619e-03             3.17895e-01
  -1.45753e-04            -8.93381e-04             3.17895e-01
  -2.38020e-05            -1.45828e-04             3.17895e-01
   9.81558e-05             6.06359e-04             3.17895e-01
   2.20199e-04             1.36298e-03             3.17895e-01
   3.42917e-04             2.12379e-03             3.17895e-01
   4.66281e-04             2.88860e-03             3.17895e-01
   5.90258e-04             3.65722e-03             3.17895e-01
   7.14555e-04             4.42948e-03             3.17895e-01
   8.38101e-04             5.20531e-03             3.17895e-01
   9.62163e-04             5.98438e-03             3.17895e-01
   1.08671e-03             6.76649e-03             3.17895e-01
   1.21171e-03             7.55145e-03             3.17895e-01
   1.33713e-03             8.33908e-03             3.17895e-01
   1.46254e-03             9.12921e-03             3.17895e-01
   1.58820e-03             9.92163e-03             3.17895e-01
   1.71418e-03             1.07161e-02             3.17895e-01
   1.84047e-03             1.15125e-02             3.17895e-01
   1.96702e-03             1.23105e-02             3.17895e-01
   2.09403e-03             1.31100e-02             3.17895e-01
   2.22153e-03             1.39108e-02             3.17895e-01
   2.34921e-03             1.47127e-02             3.17895e-01
   2.47703e-03             1.55154e-02             3.17895e-01
   2.60496e-03             1.63189e-02             3.17895e-01
   2.73296e-03             1.71228e-02             3.17895e-01
   2.86071e-03             1.79271e-02             3.17895e-01
   2.98848e-03             1.87315e-02             3.17895e-01
   3.11624e-03             1.95357e-02             3.17895e-01
   3.24395e-03             2.03397e-02             3.17895e-01
   3.37157e-03             2.11432e-02             3.17895e-01
   3.49730e-03             2.19461e-02             3.17895e-01
   3.62190e-03             2.27483e-02             3.17895e-01
   3.74632e-03             2.35494e-02             3.17895e-01
   3.87055e-03             2.43492e-02             3.17895e-01
   3.99454e-03             2.51475e-02             3.17895e-01
   4.11711e-03             2.59443e-02             3.17895e-01
   4.23450e-03             2.67397e-02             3.17895e-01
   4.35159e-03             2.75330e-02             3.17895e-01
   4.46833e-03             2.83241e-02             3.17895e-01
   4.58472e-03             2.91126e-02             3.17895e-01
   4.70071e-03             2.98985e-02             3.17895e-01
   4.81059e-03             3.06822e-02             3.17895e-01
   4.91756e-03             3.14631e-02             3.17895e-01
   5.02408e-03             3.22407e-02             3.17895e-01
   5.13013e-03             3.30149e-02             3.17895e-01
   5.23568e-03             3.37854e-02             3.17895e-01
   5.33943e-03             3.45523e-02             3.17895e-01
   5.43605e-03             3.53158e-02             3.17895e-01
   5.53213e-03             3.60752e-02             3.17895e-01
   5.62766e-03             3.68302e-02             3.17895e-01
   5.72262e-03             3.75806e-02             3.17895e-01
   5.81697e-03             3.83262e-02             3.17895e-01
   5.90569e-03             3.90674e-02             3.17895e-01
   5.99051e-03             3.98038e-02             3.17895e-01
   6.07472e-03             4.05350e-02             3.17895e-01
   6.15829e-03             4.12606e-02             3.17895e-01
   6.24122e-03             4.19805e-02             3.17895e-01
   6.32335e-03             4.26946e-02             3.17895e-01
   6.39622e-03             4.34036e-02             3.17895e-01
   6.46845e-03             4.41064e-02             3.17895e-01
   6.54003e-03             4.48028e-02             3.17895e-01
   6.61093e-03             4.54926e-02             3.17895e-01
   6.68114e-03             4.61758e-02             3.17895e-01
   6.74710e-03             4.68524e-02             3.17895e-01
   6.80703e-03             4.75224e-02             3.17895e-01
   6.86631e-03             4.81853e-02             3.17895e-01
   6.92492e-03             4.88408e-02             3.17895e-01
   6.98286e-03             4.94887e-02             3.17895e-01
   7.04011e-03             5.01288e-02             3.17895e-01
   7.08952e-03             5.07619e-02             3.17895e-01
   7.13597e-03             5.13871e-02             3.17895e-01
   7.18181e-03             5.20042e-02             3.17895e-01
   7.22703e-03             5.26129e-02             3.17895e-01
   7.27161e-03             5.32130e-02             3.17895e-01
   7.31480e-03             5.38047e-02             3.17895e-01
   7.34872e-03             5.43884e-02             3.17895e-01
   7.38211e-03             5.49631e-02             3.17895e-01
   7.41498e-03             5.55288e-02             3.17895e-01
   7.44732e-03             5.60852e-02             3.17895e-01
   7.47911e-03             5.66323e-02             3.17895e-01
   7.50667e-03             5.71702e-02             3.17895e-01
   7.52790e-03             5.76991e-02             3.17895e-01
   7.54874e-03             5.82182e-02             3.17895e-01
   7.56918e-03             5.87274e-02             3.17895e-01
   7.58921e-03             5.92265e-02             3.17895e-01
   7.60884e-03             5.97155e-02             3.17895e-01
   7.62208e-03             6.01948e-02             3.17895e-01
   7.63203e-03             6.06640e-02             3.17895e-01
   7.64175e-03             6.11226e-02             3.17895e-01
   7.65125e-03             6.15706e-02             3.17895e-01
   7.66051e-03             6.20079e-02             3.17895e-01
   7.66955e-03             6.24342e-02             3.17895e-01
   7.67002e-03             6.28505e-02             3.17895e-01
   7.66974e-03             6.32557e-02             3.17895e-01
   7.66946e-03             6.36497e-02             3.17895e-01
   7.66919e-03             6.40324e-02             3.17895e-01
   7.66893e-03             6.44037e-02             3.17895e-01
   7.66730e-03             6.47637e-02             3.17895e-01
   7.65793e-03             6.51129e-02             3.17895e-01
   7.64887e-03             6.54504e-02             3.17895e-01
   7.64013e-03             6.57761e-02             3.17895e-01
   7.63170e-03             6.60899e-02             3.17895e-01
   7.62360e-03             6.63918e-02             3.17895e-01
   7.61264e-03             6.66821e-02             3.17895e-01
   7.59648e-03             6.69608e-02             3.17895e-01
   7.58103e-03             6.72273e-02             3.17895e-01
   7.56629e-03             6.74816e-02             3.17895e-01
   7.55226e-03             6.77235e-02             3.17895e-01
   7.53895e-03             6.79531e-02             3.17895e-01
   7.52300e-03             6.81706e-02             3.17895e-01
   7.50551e-03             6.83758e-02             3.17895e-01
   7.48909e-03             6.85684e-02             3.17895e-01
   7.47374e-03             6.87484e-02             3.17895e-01
   7.45948e-03             6.89158e-02             3.17895e-01
   7.44630e-03             6.90704e-02             3.17895e-01
   7.43206e-03             6.92125e-02             3.17895e-01
   7.41874e-03             6.93418e-02             3.17895e-01
   7.40674e-03             6.94583e-02             3.17895e-01
   7.39607e-03             6.95620e-02             3.17895e-01
   7.38673e-03             6.96527e-02             3.17895e-01
   7.37850e-03             6.97305e-02             3.17895e-01
   7.37068e-03             6.97955e-02             3.17895e-01
   7.36442e-03             6.98475e-02             3.17895e-01
   7.35972e-03             6.98865e-02             3.17895e-01
   7.35659e-03             6.99125e-02             3.17895e-01
   7.35502e-03             6.99256e-02             3.17895e-01