1.93961e-04             3.64014e-02             6.44737e-01
   1.96235e-04             3.63948e-02             6.44737e-01
   2.00783e-04             3.63816e-02             6.44737e-01
   2.07604e-04             3.63617e-02             6.44737e-01
   2.16696e-04             3.63352e-02             6.44737e-01
   2.28056e-04             3.63021e-02             6.44737e-01
   2.42901e-04             3.62624e-02             6.44737e-01
   2.60294e-04             3.62161e-02             6.44737e-01
   2.80159e-04             3.61632e-02             6.44737e-01
   3.02491e-04             3.61038e-02             6.44737e-01
   3.27286e-04             3.60378e-02             6.44737e-01
   3.55489e-04             3.59652e-02             6.44737e-01
   3.86817e-04             3.58862e-02             6.44737e-01
   4.20721e-04             3.58006e-02             6.44737e-01
   4.57192e-04             3.57085e-02             6.44737e-01
   4.96222e-04             3.56100e-02             6.44737e-01
   5.37747e-04             3.55051e-02             6.44737e-01
   5.81760e-04             3.53937e-02             6.44737e-01
   6.28295e-04             3.52760e-02             6.44737e-01
   6.77340e-04             3.51519e-02             6.44737e-01
   7.28883e-04             3.50215e-02             6.44737e-01
   7.80824e-04             3.48849e-02             6.44737e-01
   8.33977e-04             3.47419e-02             6.44737e-01
   8.89443e-04             3.45928e-02             6.44737e-01
   9.47208e-04             3.44375e-02             6.44737e-01
   1.00726e-03             3.42760e-02             6.44737e-01
   1.06430e-03             3.41085e-02             6.44737e-01
   1.12267e-03             3.39349e-02             6.44737e-01
   1.18306e-03             3.37553e-02             6.44737e-01
   1.24547e-03             3.35697e-02             6.44737e-01
   1.30880e-03             3.33782e-02             6.44737e-01
   1.36830e-03             3.31808e-02             6.44737e-01
   1.42956e-03             3.29777e-02             6.44737e-01
   1.49256e-03             3.27687e-02             6.44737e-01
   1.55729e-03             3.25540e-02             6.44737e-01
   1.62164e-03             3.23336e-02             6.44737e-01
   1.68462e-03             3.21077e-02             6.44737e-01
   1.74916e-03             3.18761e-02             6.44737e-01
   1.81522e-03             3.16391e-02             6.44737e-01
   1.88281e-03             3.13966e-02             6.44737e-01
   1.94943e-03             3.11488e-02             6.44737e-01
   2.01608e-03             3.08956e-02             6.44737e-01
   2.08411e-03             3.06371e-02             6.44737e-01
   2.15352e-03             3.03735e-02             6.44737e-01
   2.22427e-03             3.01047e-02             6.44737e-01
   2.29303e-03             2.98309e-02             6.44737e-01
   2.36251e-03             2.95520e-02             6.44737e-01
   2.43322e-03             2.92682e-02             6.44737e-01
   2.50515e-03             2.89796e-02             6.44737e-01
   2.57789e-03             2.86862e-02             6.44737e-01
   2.64829e-03             2.83881e-02             6.44737e-01
   2.71979e-03             2.80853e-02             6.44737e-01
   2.79237e-03             2.77779e-02             6.44737e-01
   2.86601e-03             2.74661e-02             6.44737e-01
   2.93926e-03             2.71499e-02             6.44737e-01
   3.01087e-03             2.68293e-02             6.44737e-01
   3.08343e-03             2.65044e-02             6.44737e-01
   3.15693e-03             2.61754e-02             6.44737e-01
   3.23134e-03             2.58423e-02             6.44737e-01
   3.30392e-03             2.55052e-02             6.44737e-01
   3.37570e-03             2.51641e-02             6.44737e-01
   3.44829e-03             2.48192e-02             6.44737e-01
   3.52168e-03             2.44706e-02             6.44737e-01
   3.59584e-03             2.41182e-02             6.44737e-01
   3.66604e-03             2.37623e-02             6.44737e-01
   3.73654e-03             2.34029e-02             6.44737e-01
   3.80772e-03             2.30401e-02             6.44737e-01
   3.87955e-03             2.26739e-02             6.44737e-01
   3.95045e-03             2.23046e-02             6.44737e-01
   4.01740e-03             2.19321e-02             6.44737e-01
   4.08490e-03             2.15565e-02             6.44737e-01
   4.15294e-03             2.11780e-02             6.44737e-01
   4.22149e-03             2.07966e-02             6.44737e-01
   4.28558e-03             2.04125e-02             6.44737e-01
   4.34714e-03             2.00257e-02             6.44737e-01
   4.40911e-03             1.96364e-02             6.44737e-01
   4.47147e-03             1.92445e-02             6.44737e-01
   4.53408e-03             1.88503e-02             6.44737e-01
   4.58892e-03             1.84538e-02             6.44737e-01
   4.64405e-03             1.80551e-02             6.44737e-01
   4.69947e-03             1.76544e-02             6.44737e-01
   4.75517e-03             1.72516e-02             6.44737e-01
   4.80760e-03             1.68470e-02             6.44737e-01
   4.85531e-03             1.64406e-02             6.44737e-01
   4.90323e-03             1.60324e-02             6.44737e-01
   4.95133e-03             1.56227e-02             6.44737e-01
   4.99961e-03             1.52115e-02             6.44737e-01
   5.04088e-03             1.47990e-02             6.44737e-01
   5.08083e-03             1.43851e-02             6.44737e-01
   5.12090e-03             1.39701e-02             6.44737e-01
   5.16107e-03             1.35540e-02             6.44737e-01
   5.19916e-03             1.31369e-02             6.44737e-01
   5.23091e-03             1.27190e-02             6.44737e-01
   5.26272e-03             1.23003e-02             6.44737e-01
   5.29457e-03             1.18809e-02             6.44737e-01
   5.32648e-03             1.14609e-02             6.44737e-01
   5.35251e-03             1.10405e-02             6.44737e-01
   5.37568e-03             1.06198e-02             6.44737e-01
   5.39887e-03             1.01988e-02             6.44737e-01
   5.42207e-03             9.77765e-03             6.44737e-01
   5.44441e-03             9.35644e-03             6.44737e-01
   5.45883e-03             8.93533e-03             6.44737e-01
   5.47323e-03             8.51438e-03             6.44737e-01
   5.48763e-03             8.09369e-03             6.44737e-01
   5.50202e-03             7.67336e-03             6.44737e-01
   5.51189e-03             7.25352e-03             6.44737e-01
   5.51765e-03             6.83427e-03             6.44737e-01
   5.52339e-03             6.41570e-03             6.44737e-01
   5.52913e-03             5.99791e-03             6.44737e-01
   5.53485e-03             5.58099e-03             6.44737e-01
   5.53203e-03             5.16511e-03             6.44737e-01
   5.52876e-03             4.75031e-03             6.44737e-01
   5.52550e-03             4.33670e-03             6.44737e-01
   5.52226e-03             3.92439e-03             6.44737e-01
   5.51563e-03             3.51348e-03             6.44737e-01
   5.50342e-03             3.10410e-03             6.44737e-01
   5.49127e-03             2.69631e-03             6.44737e-01
   5.47916e-03             2.29021e-03             6.44737e-01
   5.46711e-03             1.88591e-03             6.44737e-01
   5.44798e-03             1.48354e-03             6.44737e-01
   5.42722e-03             1.08318e-03             6.44737e-01
   5.40656e-03             6.84907e-04             6.44737e-01
   5.38602e-03             2.88827e-04             6.44737e-01
   5.36351e-03            -1.04954e-04             6.44737e-01
   5.33429e-03            -4.96312e-04             6.44737e-01
   5.30525e-03            -8.85188e-04             6.44737e-01
   5.27641e-03            -1.27149e-03             6.44737e-01
   5.24777e-03            -1.65511e-03             6.44737e-01
   5.21337e-03            -2.03594e-03             6.44737e-01
   5.17619e-03            -2.41388e-03             6.44737e-01
   5.13931e-03            -2.78887e-03             6.44737e-01
   5.10272e-03            -3.16082e-03             6.44737e-01
   5.06557e-03            -3.52962e-03             6.44737e-01
   5.02020e-03            -3.89515e-03             6.44737e-01
   4.97524e-03            -4.25735e-03             6.44737e-01
   4.93070e-03            -4.61615e-03             6.44737e-01
   4.88660e-03            -4.97144e-03             6.44737e-01
   4.83800e-03            -5.32313e-03             6.44737e-01
   4.78550e-03            -5.67112e-03             6.44737e-01
   4.73355e-03            -6.01535e-03             6.44737e-01
   4.68219e-03            -6.35574e-03             6.44737e-01
   4.63142e-03            -6.69221e-03             6.44737e-01
   4.57195e-03            -7.02461e-03             6.44737e-01
   4.51287e-03            -7.35292e-03             6.44737e-01
   4.45454e-03            -7.67706e-03             6.44737e-01
   4.39698e-03            -7.99695e-03             6.44737e-01
   4.33600e-03            -8.31249e-03             6.44737e-01
   4.26987e-03            -8.62358e-03             6.44737e-01
   4.20468e-03            -8.93019e-03             6.44737e-01
   4.14047e-03            -9.23224e-03             6.44737e-01
   4.07724e-03            -9.52966e-03             6.44737e-01
   4.00593e-03            -9.82231e-03             6.44737e-01
   3.93434e-03            -1.01102e-02             6.44737e-01
   3.86396e-03            -1.03932e-02             6.44737e-01
   3.79481e-03            -1.06713e-02             6.44737e-01
   3.72325e-03            -1.09444e-02             6.44737e-01
   3.64543e-03            -1.12124e-02             6.44737e-01
   3.56909e-03            -1.14753e-02             6.44737e-01
   3.49427e-03            -1.17329e-02             6.44737e-01
   3.42097e-03            -1.19854e-02             6.44737e-01
   3.33966e-03            -1.22325e-02             6.44737e-01
   3.25771e-03            -1.24741e-02             6.44737e-01
   3.17759e-03            -1.27104e-02             6.44737e-01
   3.09934e-03            -1.29412e-02             6.44737e-01
   3.01934e-03            -1.31664e-02             6.44737e-01
   2.93235e-03            -1.33859e-02             6.44737e-01
   2.84760e-03            -1.35998e-02             6.44737e-01
   2.76511e-03            -1.38080e-02             6.44737e-01
   2.68490e-03            -1.40104e-02             6.44737e-01
   2.59524e-03            -1.42070e-02             6.44737e-01
   2.50520e-03            -1.43977e-02             6.44737e-01
   2.41795e-03            -1.45825e-02             6.44737e-01
   2.33351e-03            -1.47613e-02             6.44737e-01
   2.24641e-03            -1.49341e-02             6.44737e-01
   2.15147e-03            -1.51009e-02             6.44737e-01
   2.05999e-03            -1.52615e-02             6.44737e-01
   1.97199e-03            -1.54161e-02             6.44737e-01
   1.88749e-03            -1.55645e-02             6.44737e-01
   1.79047e-03            -1.57066e-02             6.44737e-01
   1.69582e-03            -1.58425e-02             6.44737e-01
   1.60553e-03            -1.59721e-02             6.44737e-01
   1.51962e-03            -1.60955e-02             6.44737e-01
   1.42697e-03            -1.62124e-02             6.44737e-01
   1.32795e-03            -1.63230e-02             6.44737e-01
   1.23463e-03            -1.64273e-02             6.44737e-01
   1.14703e-03            -1.65251e-02             6.44737e-01
   1.06156e-03            -1.66165e-02             6.44737e-01
   9.58757e-04            -1.67013e-02             6.44737e-01
   8.63760e-04            -1.67797e-02             6.44737e-01
   7.76597e-04            -1.68517e-02             6.44737e-01
   6.97289e-04            -1.69171e-02             6.44737e-01
   5.97661e-04            -1.69759e-02             6.44737e-01
   5.00489e-04            -1.70282e-02             6.44737e-01
   4.15411e-04            -1.70739e-02             6.44737e-01
   3.42449e-04            -1.71132e-02             6.44737e-01
   2.48068e-04            -1.71457e-02             6.44737e-01
   1.32347e-04            -1.71715e-02             6.44737e-01
   4.55307e-05            -1.71909e-02             6.44737e-01
  -1.23585e-05            -1.72038e-02             6.44737e-01
  -4.13067e-05            -1.72103e-02             6.44737e-01
  -1.06481e-04            -1.72033e-02             6.44737e-01
  -2.36814e-04            -1.71894e-02             6.44737e-01
  -3.53091e-04            -1.71689e-02             6.44737e-01
  -3.83980e-04            -1.71423e-02             6.44737e-01
  -4.22577e-04            -1.71091e-02             6.44737e-01
  -4.68872e-04            -1.70692e-02             6.44737e-01
  -5.22855e-04            -1.70227e-02             6.44737e-01
  -5.62187e-04            -1.69697e-02             6.44737e-01
  -5.84422e-04            -1.69103e-02             6.44737e-01
  -6.09109e-04            -1.68443e-02             6.44737e-01
  -6.36241e-04            -1.67717e-02             6.44737e-01
  -6.65812e-04            -1.66927e-02             6.44737e-01
  -6.93478e-04            -1.66071e-02             6.44737e-01
  -7.10813e-04            -1.65152e-02             6.44737e-01
  -7.29364e-04            -1.64168e-02             6.44737e-01
  -7.49127e-04            -1.63120e-02             6.44737e-01
  -7.70096e-04            -1.62007e-02             6.44737e-01
  -7.91699e-04            -1.60831e-02             6.44737e-01
  -8.01715e-04            -1.59593e-02             6.44737e-01
  -8.12242e-04            -1.58291e-02             6.44737e-01
  -8.23277e-04            -1.56926e-02             6.44737e-01
  -8.34816e-04            -1.55499e-02             6.44737e-01
  -8.46858e-04            -1.54010e-02             6.44737e-01
  -8.50339e-04            -1.52460e-02             6.44737e-01
  -8.52427e-04            -1.50849e-02             6.44737e-01
  -8.54593e-04            -1.49176e-02             6.44737e-01
  -8.56837e-04            -1.47443e-02             6.44737e-01
  -8.59159e-04            -1.45650e-02             6.44737e-01
  -8.57054e-04            -1.43798e-02             6.44737e-01
  -8.52337e-04            -1.41886e-02             6.44737e-01
  -8.47475e-04            -1.39916e-02             6.44737e-01
  -8.42469e-04            -1.37888e-02             6.44737e-01
  -8.37321e-04            -1.35802e-02             6.44737e-01
  -8.30296e-04            -1.33659e-02             6.44737e-01
  -8.20138e-04            -1.31459e-02             6.44737e-01
  -8.09721e-04            -1.29203e-02             6.44737e-01
  -7.99047e-04            -1.26892e-02             6.44737e-01
  -7.88120e-04            -1.24526e-02             6.44737e-01
  -7.76777e-04            -1.22105e-02             6.44737e-01
  -7.62762e-04            -1.19631e-02             6.44737e-01
  -7.48445e-04            -1.17103e-02             6.44737e-01
  -7.33830e-04            -1.14523e-02             6.44737e-01
  -7.18921e-04            -1.11891e-02             6.44737e-01
  -7.03721e-04            -1.09208e-02             6.44737e-01
  -6.87051e-04            -1.06474e-02             6.44737e-01
  -6.69630e-04            -1.03690e-02             6.44737e-01
  -6.51902e-04            -1.00857e-02             6.44737e-01
  -6.33869e-04            -9.79759e-03             6.44737e-01
  -6.15537e-04            -9.50465e-03             6.44737e-01
  -5.96602e-04            -9.20700e-03             6.44737e-01
  -5.76866e-04            -8.90471e-03             6.44737e-01
  -5.56832e-04            -8.59786e-03             6.44737e-01
  -5.36504e-04            -8.28653e-03             6.44737e-01
  -5.15889e-04            -7.97078e-03             6.44737e-01
  -4.94984e-04            -7.65069e-03             6.44737e-01
  -4.73507e-04            -7.32636e-03             6.44737e-01
  -4.51754e-04            -6.99784e-03             6.44737e-01
  -4.29729e-04            -6.66524e-03             6.44737e-01
  -4.07439e-04            -6.32862e-03             6.44737e-01
  -3.84889e-04            -5.98808e-03             6.44737e-01
  -3.62127e-04            -5.64369e-03             6.44737e-01
  -3.39138e-04            -5.29554e-03             6.44737e-01
  -3.15907e-04            -4.94372e-03             6.44737e-01
  -2.92438e-04            -4.58832e-03             6.44737e-01
  -2.68739e-04            -4.22941e-03             6.44737e-01
  -2.44982e-04            -3.86709e-03             6.44737e-01
  -2.21426e-04            -3.50145e-03             6.44737e-01
  -1.97662e-04            -3.13258e-03             6.44737e-01
  -1.73696e-04            -2.76057e-03             6.44737e-01
  -1.49533e-04            -2.38551e-03             6.44737e-01
  -1.25180e-04            -2.00749e-03             6.44737e-01
  -1.01376e-04            -1.62661e-03             6.44737e-01
  -7.74672e-05            -1.24296e-03             6.44737e-01
  -5.33916e-05            -8.56635e-04             6.44737e-01
  -2.91554e-05            -4.67733e-04             6.44737e-01
  -4.76453e-06            -7.63494e-05             6.44737e-01
   1.93917e-05             3.17422e-04             6.44737e-01
   4.33638e-05             7.13485e-04             6.44737e-01
   6.74685e-05             1.11174e-03             6.44737e-01
   9.16998e-05             1.51208e-03             6.44737e-01
   1.16052e-04             1.91442e-03             6.44737e-01
   1.40381e-04             2.31866e-03             6.44737e-01
   1.64140e-04             2.72469e-03             6.44737e-01
   1.87998e-04             3.13242e-03             6.44737e-01
   2.11949e-04             3.54174e-03             6.44737e-01
   2.35988e-04             3.95255e-03             6.44737e-01
   2.60108e-04             4.36476e-03             6.44737e-01
   2.84088e-04             4.77826e-03             6.44737e-01
   3.08082e-04             5.19294e-03             6.44737e-01
   3.32139e-04             5.60872e-03             6.44737e-01
   3.56253e-04             6.02547e-03             6.44737e-01
   3.80418e-04             6.44311e-03             6.44737e-01
   4.04742e-04             6.86152e-03             6.44737e-01
   4.29259e-04             7.28060e-03             6.44737e-01
   4.53809e-04             7.70026e-03             6.44737e-01
   4.78386e-04             8.12038e-03             6.44737e-01
   5.02984e-04             8.54086e-03             6.44737e-01
   5.27590e-04             8.96161e-03             6.44737e-01
   5.52055e-04             9.38251e-03             6.44737e-01
   5.76522e-04             9.80346e-03             6.44737e-01
   6.00987e-04             1.02244e-02             6.44737e-01
   6.25442e-04             1.06451e-02             6.44737e-01
   6.49882e-04             1.10656e-02             6.44737e-01
   6.73371e-04             1.14857e-02             6.44737e-01
   6.96315e-04             1.19054e-02             6.44737e-01
   7.19227e-04             1.23245e-02             6.44737e-01
   7.42103e-04             1.27429e-02             6.44737e-01
   7.64937e-04             1.31605e-02             6.44737e-01
   7.87118e-04             1.35773e-02             6.44737e-01
   8.06699e-04             1.39931e-02             6.44737e-01
   8.26229e-04             1.44078e-02             6.44737e-01
   8.45703e-04             1.48213e-02             6.44737e-01
   8.65117e-04             1.52336e-02             6.44737e-01
   8.84464e-04             1.56444e-02             6.44737e-01
   9.00785e-04             1.60538e-02             6.44737e-01
   9.15743e-04             1.64615e-02             6.44737e-01
   9.30638e-04             1.68676e-02             6.44737e-01
   9.45468e-04             1.72719e-02             6.44737e-01
   9.60228e-04             1.76743e-02             6.44737e-01
   9.74248e-04             1.80747e-02             6.44737e-01
   9.84766e-04             1.84730e-02             6.44737e-01
   9.95225e-04             1.88692e-02             6.44737e-01
   1.00562e-03             1.92630e-02             6.44737e-01
   1.01596e-03             1.96545e-02             6.44737e-01
   1.02623e-03             2.00434e-02             6.44737e-01
   1.03383e-03             2.04299e-02             6.44737e-01
   1.03967e-03             2.08136e-02             6.44737e-01
   1.04546e-03             2.11946e-02             6.44737e-01
   1.05121e-03             2.15727e-02             6.44737e-01
   1.05691e-03             2.19478e-02             6.44737e-01
   1.06251e-03             2.23200e-02             6.44737e-01
   1.06359e-03             2.26890e-02             6.44737e-01
   1.06467e-03             2.30547e-02             6.44737e-01
   1.06574e-03             2.34172e-02             6.44737e-01
   1.06680e-03             2.37762e-02             6.44737e-01
   1.06785e-03             2.41317e-02             6.44737e-01
   1.06705e-03             2.44837e-02             6.44737e-01
   1.06347e-03             2.48319e-02             6.44737e-01
   1.05993e-03             2.51765e-02             6.44737e-01
   1.05643e-03             2.55172e-02             6.44737e-01
   1.05296e-03             2.58539e-02             6.44737e-01
   1.04954e-03             2.61866e-02             6.44737e-01
   1.04245e-03             2.65153e-02             6.44737e-01
   1.03423e-03             2.68398e-02             6.44737e-01
   1.02612e-03             2.71600e-02             6.44737e-01
   1.01812e-03             2.74759e-02             6.44737e-01
   1.01024e-03             2.77874e-02             6.44737e-01
   1.00206e-03             2.80944e-02             6.44737e-01
   9.89527e-04             2.83969e-02             6.44737e-01
   9.77183e-04             2.86947e-02             6.44737e-01
   9.65034e-04             2.89878e-02             6.44737e-01
   9.53083e-04             2.92761e-02             6.44737e-01
   9.41334e-04             2.95596e-02             6.44737e-01
   9.27876e-04             2.98381e-02             6.44737e-01
   9.11621e-04             3.01117e-02             6.44737e-01
   8.95668e-04             3.03802e-02             6.44737e-01
   8.80019e-04             3.06435e-02             6.44737e-01
   8.64679e-04             3.09017e-02             6.44737e-01
   8.49652e-04             3.11546e-02             6.44737e-01
   8.31830e-04             3.14022e-02             6.44737e-01
   8.12831e-04             3.16444e-02             6.44737e-01
   7.94259e-04             3.18812e-02             6.44737e-01
   7.76118e-04             3.21125e-02             6.44737e-01
   7.58413e-04             3.23382e-02             6.44737e-01
   7.41149e-04             3.25583e-02             6.44737e-01
   7.19991e-04             3.27728e-02             6.44737e-01
   6.99010e-04             3.29815e-02             6.44737e-01
   6.78610e-04             3.31845e-02             6.44737e-01
   6.58795e-04             3.33817e-02             6.44737e-01
   6.39570e-04             3.35729e-02             6.44737e-01
   6.20226e-04             3.37583e-02             6.44737e-01
   5.97444e-04             3.39377e-02             6.44737e-01
   5.75426e-04             3.41111e-02             6.44737e-01
   5.54176e-04             3.42784e-02             6.44737e-01
   5.33700e-04             3.44397e-02             6.44737e-01
   5.14003e-04             3.45948e-02             6.44737e-01
   4.93437e-04             3.47438e-02             6.44737e-01
   4.70781e-04             3.48865e-02             6.44737e-01
   4.49117e-04             3.50230e-02             6.44737e-01
   4.28449e-04             3.51533e-02             6.44737e-01
   4.08783e-04             3.52772e-02             6.44737e-01
   3.90124e-04             3.53948e-02             6.44737e-01
   3.70728e-04             3.55060e-02             6.44737e-01
   3.51164e-04             3.56108e-02             6.44737e-01
   3.32800e-04             3.57092e-02             6.44737e-01
   3.15640e-04             3.58011e-02             6.44737e-01
   2.99688e-04             3.58866e-02             6.44737e-01
   2.84948e-04             3.59656e-02             6.44737e-01
   2.70305e-04             3.60381e-02             6.44737e-01
   2.56795e-04             3.61040e-02             6.44737e-01
   2.44626e-04             3.61634e-02             6.44737e-01
   2.33802e-04             3.62162e-02             6.44737e-01
   2.24325e-04             3.62625e-02             6.44737e-01
   2.16081e-04             3.63022e-02             6.44737e-01
   2.08711e-04             3.63353e-02             6.44737e-01
   2.02812e-04             3.63617e-02             6.44737e-01
   1.98387e-04             3.63816e-02             6.44737e-01
   1.95436e-04             3.63948e-02             6.44737e-01
   1.93961e-04             3.64014e-02             6.44737e-01