1.58654e-03             4.64616e-02             4.99474e-01
   1.58920e-03             4.64531e-02             4.99474e-01
   1.59452e-03             4.64360e-02             4.99474e-01
   1.60250e-03             4.64104e-02             4.99474e-01
   1.61313e-03             4.63762e-02             4.99474e-01
   1.62641e-03             4.63335e-02             4.99474e-01
   1.64390e-03             4.62823e-02             4.99474e-01
   1.66440e-03             4.62226e-02             4.99474e-01
   1.68782e-03             4.61543e-02             4.99474e-01
   1.71414e-03             4.60776e-02             4.99474e-01
   1.74336e-03             4.59924e-02             4.99474e-01
   1.77670e-03             4.58988e-02             4.99474e-01
   1.81378e-03             4.57967e-02             4.99474e-01
   1.85391e-03             4.56862e-02             4.99474e-01
   1.89709e-03             4.55674e-02             4.99474e-01
   1.94329e-03             4.54402e-02             4.99474e-01
   1.99244e-03             4.53047e-02             4.99474e-01
   2.04453e-03             4.51609e-02             4.99474e-01
   2.09960e-03             4.50089e-02             4.99474e-01
   2.15765e-03             4.48487e-02             4.99474e-01
   2.21865e-03             4.46804e-02             4.99474e-01
   2.27993e-03             4.45040e-02             4.99474e-01
   2.34252e-03             4.43196e-02             4.99474e-01
   2.40784e-03             4.41272e-02             4.99474e-01
   2.47587e-03             4.39268e-02             4.99474e-01
   2.54659e-03             4.37185e-02             4.99474e-01
   2.61324e-03             4.35025e-02             4.99474e-01
   2.68137e-03             4.32787e-02             4.99474e-01
   2.75186e-03             4.30472e-02             4.99474e-01
   2.82470e-03             4.28080e-02             4.99474e-01
   2.89850e-03             4.25612e-02             4.99474e-01
   2.96720e-03             4.23071e-02             4.99474e-01
   3.03793e-03             4.20455e-02             4.99474e-01
   3.11066e-03             4.17764e-02             4.99474e-01
   3.18539e-03             4.14999e-02             4.99474e-01
   3.25944e-03             4.12163e-02             4.99474e-01
   3.33153e-03             4.09255e-02             4.99474e-01
   3.40540e-03             4.06276e-02             4.99474e-01
   3.48102e-03             4.03225e-02             4.99474e-01
   3.55837e-03             4.00105e-02             4.99474e-01
   3.63431e-03             3.96916e-02             4.99474e-01
   3.71007e-03             3.93660e-02             4.99474e-01
   3.78742e-03             3.90336e-02             4.99474e-01
   3.86632e-03             3.86944e-02             4.99474e-01
   3.94675e-03             3.83487e-02             4.99474e-01
   4.02445e-03             3.79966e-02             4.99474e-01
   4.10289e-03             3.76381e-02             4.99474e-01
   4.18273e-03             3.72733e-02             4.99474e-01
   4.26393e-03             3.69022e-02             4.99474e-01
   4.34599e-03             3.65249e-02             4.99474e-01
   4.42489e-03             3.61417e-02             4.99474e-01
   4.50503e-03             3.57526e-02             4.99474e-01
   4.58638e-03             3.53576e-02             4.99474e-01
   4.66891e-03             3.49568e-02             4.99474e-01
   4.75080e-03             3.45504e-02             4.99474e-01
   4.83042e-03             3.41385e-02             4.99474e-01
   4.91110e-03             3.37212e-02             4.99474e-01
   4.99282e-03             3.32985e-02             4.99474e-01
   5.07555e-03             3.28705e-02             4.99474e-01
   5.15580e-03             3.24374e-02             4.99474e-01
   5.23490e-03             3.19994e-02             4.99474e-01
   5.31488e-03             3.15565e-02             4.99474e-01
   5.39574e-03             3.11087e-02             4.99474e-01
   5.47745e-03             3.06562e-02             4.99474e-01
   5.55397e-03             3.01993e-02             4.99474e-01
   5.63075e-03             2.97379e-02             4.99474e-01
   5.70827e-03             2.92721e-02             4.99474e-01
   5.78649e-03             2.88020e-02             4.99474e-01
   5.86341e-03             2.83279e-02             4.99474e-01
   5.93518e-03             2.78499e-02             4.99474e-01
   6.00754e-03             2.73680e-02             4.99474e-01
   6.08047e-03             2.68823e-02             4.99474e-01
   6.15395e-03             2.63930e-02             4.99474e-01
   6.22164e-03             2.59002e-02             4.99474e-01
   6.28600e-03             2.54042e-02             4.99474e-01
   6.35078e-03             2.49049e-02             4.99474e-01
   6.41598e-03             2.44024e-02             4.99474e-01
   6.48141e-03             2.38968e-02             4.99474e-01
   6.53682e-03             2.33887e-02             4.99474e-01
   6.59254e-03             2.28777e-02             4.99474e-01
   6.64855e-03             2.23641e-02             4.99474e-01
   6.70484e-03             2.18479e-02             4.99474e-01
   6.75687e-03             2.13294e-02             4.99474e-01
   6.80284e-03             2.08088e-02             4.99474e-01
   6.84900e-03             2.02861e-02             4.99474e-01
   6.89533e-03             1.97613e-02             4.99474e-01
   6.94184e-03             1.92346e-02             4.99474e-01
   6.97934e-03             1.87064e-02             4.99474e-01
   7.01512e-03             1.81767e-02             4.99474e-01
   7.05100e-03             1.76454e-02             4.99474e-01
   7.08698e-03             1.71127e-02             4.99474e-01
   7.12026e-03             1.65789e-02             4.99474e-01
   7.14542e-03             1.60442e-02             4.99474e-01
   7.17062e-03             1.55085e-02             4.99474e-01
   7.19587e-03             1.49720e-02             4.99474e-01
   7.22115e-03             1.44347e-02             4.99474e-01
   7.23891e-03             1.38971e-02             4.99474e-01
   7.25302e-03             1.33591e-02             4.99474e-01
   7.26714e-03             1.28208e-02             4.99474e-01
   7.28126e-03             1.22823e-02             4.99474e-01
   7.29429e-03             1.17438e-02             4.99474e-01
   7.29720e-03             1.12057e-02             4.99474e-01
   7.30011e-03             1.06678e-02             4.99474e-01
   7.30302e-03             1.01303e-02             4.99474e-01
   7.30592e-03             9.59315e-03             4.99474e-01
   7.30308e-03             9.05683e-03             4.99474e-01
   7.29501e-03             8.52143e-03             4.99474e-01
   7.28695e-03             7.98688e-03             4.99474e-01
   7.27890e-03             7.45333e-03             4.99474e-01
   7.27087e-03             6.92090e-03             4.99474e-01
   7.25197e-03             6.39011e-03             4.99474e-01
   7.23254e-03             5.86071e-03             4.99474e-01
   7.21317e-03             5.33284e-03             4.99474e-01
   7.19386e-03             4.80660e-03             4.99474e-01
   7.17028e-03             4.28230e-03             4.99474e-01
   7.13965e-03             3.76014e-03             4.99474e-01
   7.10913e-03             3.24002e-03             4.99474e-01
   7.07873e-03             2.72206e-03             4.99474e-01
   7.04848e-03             2.20639e-03             4.99474e-01
   7.00926e-03             1.69344e-03             4.99474e-01
   6.96803e-03             1.18312e-03             4.99474e-01
   6.92701e-03             6.75460e-04             4.99474e-01
   6.88622e-03             1.70594e-04             4.99474e-01
   6.84300e-03            -3.31264e-04             4.99474e-01
   6.79130e-03            -8.29782e-04             4.99474e-01
   6.73993e-03            -1.32514e-03             4.99474e-01
   6.68890e-03            -1.81721e-03             4.99474e-01
   6.63823e-03            -2.30588e-03             4.99474e-01
   6.58030e-03            -2.79076e-03             4.99474e-01
   6.51894e-03            -3.27187e-03             4.99474e-01
   6.45806e-03            -3.74921e-03             4.99474e-01
   6.39768e-03            -4.22268e-03             4.99474e-01
   6.33669e-03            -4.69211e-03             4.99474e-01
   6.26533e-03            -5.15705e-03             4.99474e-01
   6.19461e-03            -5.61778e-03             4.99474e-01
   6.12456e-03            -6.07417e-03             4.99474e-01
   6.05519e-03            -6.52610e-03             4.99474e-01
   5.98022e-03            -6.97327e-03             4.99474e-01
   5.90039e-03            -7.41557e-03             4.99474e-01
   5.82142e-03            -7.85309e-03             4.99474e-01
   5.74333e-03            -8.28573e-03             4.99474e-01
   5.66615e-03            -8.71338e-03             4.99474e-01
   5.57799e-03            -9.13553e-03             4.99474e-01
   5.49050e-03            -9.55247e-03             4.99474e-01
   5.40412e-03            -9.96411e-03             4.99474e-01
   5.31888e-03            -1.03703e-02             4.99474e-01
   5.22942e-03            -1.07709e-02             4.99474e-01
   5.13355e-03            -1.11656e-02             4.99474e-01
   5.03907e-03            -1.15546e-02             4.99474e-01
   4.94599e-03            -1.19378e-02             4.99474e-01
   4.85433e-03            -1.23152e-02             4.99474e-01
   4.75253e-03            -1.26862e-02             4.99474e-01
   4.65056e-03            -1.30510e-02             4.99474e-01
   4.55031e-03            -1.34097e-02             4.99474e-01
   4.45179e-03            -1.37622e-02             4.99474e-01
   4.35039e-03            -1.41082e-02             4.99474e-01
   4.24120e-03            -1.44474e-02             4.99474e-01
   4.13409e-03            -1.47802e-02             4.99474e-01
   4.02909e-03            -1.51064e-02             4.99474e-01
   3.92623e-03            -1.54259e-02             4.99474e-01
   3.81334e-03            -1.57383e-02             4.99474e-01
   3.69983e-03            -1.60439e-02             4.99474e-01
   3.58888e-03            -1.63425e-02             4.99474e-01
   3.48050e-03            -1.66342e-02             4.99474e-01
   3.37009e-03            -1.69188e-02             4.99474e-01
   3.25096e-03            -1.71958e-02             4.99474e-01
   3.13490e-03            -1.74658e-02             4.99474e-01
   3.02194e-03            -1.77285e-02             4.99474e-01
   2.91211e-03            -1.79840e-02             4.99474e-01
   2.79041e-03            -1.82316e-02             4.99474e-01
   2.66846e-03            -1.84717e-02             4.99474e-01
   2.55028e-03            -1.87044e-02             4.99474e-01
   2.43591e-03            -1.89296e-02             4.99474e-01
   2.31836e-03            -1.91470e-02             4.99474e-01
   2.19104e-03            -1.93563e-02             4.99474e-01
   2.06834e-03            -1.95581e-02             4.99474e-01
   1.95032e-03            -1.97521e-02             4.99474e-01
   1.83700e-03            -1.99384e-02             4.99474e-01
   1.70792e-03            -2.01163e-02             4.99474e-01
   1.58210e-03            -2.02863e-02             4.99474e-01
   1.46207e-03            -2.04485e-02             4.99474e-01
   1.34785e-03            -2.06028e-02             4.99474e-01
   1.22528e-03            -2.07487e-02             4.99474e-01
   1.09481e-03            -2.08862e-02             4.99474e-01
   9.71846e-04            -2.10158e-02             4.99474e-01
   8.56422e-04            -2.11375e-02             4.99474e-01
   7.43956e-04            -2.12510e-02             4.99474e-01
   6.09595e-04            -2.13556e-02             4.99474e-01
   4.85442e-04            -2.14522e-02             4.99474e-01
   3.71527e-04            -2.15408e-02             4.99474e-01
   2.67878e-04            -2.16214e-02             4.99474e-01
   1.38534e-04            -2.16928e-02             4.99474e-01
   1.25660e-05            -2.17559e-02             4.99474e-01
  -9.77242e-05            -2.18112e-02             4.99474e-01
  -1.92309e-04            -2.18586e-02             4.99474e-01
  -3.13989e-04            -2.18967e-02             4.99474e-01
  -4.62664e-04            -2.19254e-02             4.99474e-01
  -5.74203e-04            -2.19469e-02             4.99474e-01
  -6.48577e-04            -2.19613e-02             4.99474e-01
  -6.85769e-04            -2.19685e-02             4.99474e-01
  -7.68712e-04            -2.19572e-02             4.99474e-01
  -9.34578e-04            -2.19346e-02             4.99474e-01
  -1.08226e-03            -2.19042e-02             4.99474e-01
  -1.12071e-03            -2.18691e-02             4.99474e-01
  -1.16876e-03            -2.18253e-02             4.99474e-01
  -1.22640e-03            -2.17727e-02             4.99474e-01
  -1.29360e-03            -2.17113e-02             4.99474e-01
  -1.34186e-03            -2.16423e-02             4.99474e-01
  -1.36806e-03            -2.15655e-02             4.99474e-01
  -1.39714e-03            -2.14804e-02             4.99474e-01
  -1.42911e-03            -2.13868e-02             4.99474e-01
  -1.46395e-03            -2.12848e-02             4.99474e-01
  -1.49612e-03            -2.11746e-02             4.99474e-01
  -1.51487e-03            -2.10565e-02             4.99474e-01
  -1.53493e-03            -2.09302e-02             4.99474e-01
  -1.55630e-03            -2.07957e-02             4.99474e-01
  -1.57898e-03            -2.06529e-02             4.99474e-01
  -1.60223e-03            -2.05020e-02             4.99474e-01
  -1.61046e-03            -2.03435e-02             4.99474e-01
  -1.61911e-03            -2.01770e-02             4.99474e-01
  -1.62818e-03            -2.00024e-02             4.99474e-01
  -1.63766e-03            -1.98198e-02             4.99474e-01
  -1.64756e-03            -1.96293e-02             4.99474e-01
  -1.64630e-03            -1.94312e-02             4.99474e-01
  -1.64304e-03            -1.92254e-02             4.99474e-01
  -1.63965e-03            -1.90118e-02             4.99474e-01
  -1.63614e-03            -1.87905e-02             4.99474e-01
  -1.63251e-03            -1.85616e-02             4.99474e-01
  -1.62301e-03            -1.83252e-02             4.99474e-01
  -1.60996e-03            -1.80813e-02             4.99474e-01
  -1.59650e-03            -1.78300e-02             4.99474e-01
  -1.58265e-03            -1.75713e-02             4.99474e-01
  -1.56841e-03            -1.73052e-02             4.99474e-01
  -1.55156e-03            -1.70318e-02             4.99474e-01
  -1.53050e-03            -1.67514e-02             4.99474e-01
  -1.50890e-03            -1.64638e-02             4.99474e-01
  -1.48678e-03            -1.61692e-02             4.99474e-01
  -1.46412e-03            -1.58675e-02             4.99474e-01
  -1.44074e-03            -1.55589e-02             4.99474e-01
  -1.41375e-03            -1.52436e-02             4.99474e-01
  -1.38617e-03            -1.49215e-02             4.99474e-01
  -1.35803e-03            -1.45926e-02             4.99474e-01
  -1.32931e-03            -1.42572e-02             4.99474e-01
  -1.30004e-03            -1.39152e-02             4.99474e-01
  -1.26870e-03            -1.35668e-02             4.99474e-01
  -1.23623e-03            -1.32121e-02             4.99474e-01
  -1.20317e-03            -1.28511e-02             4.99474e-01
  -1.16955e-03            -1.24839e-02             4.99474e-01
  -1.13538e-03            -1.21106e-02             4.99474e-01
  -1.10026e-03            -1.17314e-02             4.99474e-01
  -1.06394e-03            -1.13462e-02             4.99474e-01
  -1.02708e-03            -1.09552e-02             4.99474e-01
  -9.89681e-04            -1.05585e-02             4.99474e-01
  -9.51750e-04            -1.01562e-02             4.99474e-01
  -9.13291e-04            -9.74838e-03             4.99474e-01
  -8.73944e-04            -9.33514e-03             4.99474e-01
  -8.34091e-04            -8.91657e-03             4.99474e-01
  -7.93741e-04            -8.49279e-03             4.99474e-01
  -7.52905e-04            -8.06390e-03             4.99474e-01
  -7.11592e-04            -7.63001e-03             4.99474e-01
  -6.69867e-04            -7.19121e-03             4.99474e-01
  -6.27715e-04            -6.74762e-03             4.99474e-01
  -5.85118e-04            -6.29935e-03             4.99474e-01
  -5.42086e-04            -5.84652e-03             4.99474e-01
  -4.98631e-04            -5.38922e-03             4.99474e-01
  -4.54977e-04            -4.92757e-03             4.99474e-01
  -4.11457e-04            -4.46168e-03             4.99474e-01
  -3.67553e-04            -3.99166e-03             4.99474e-01
  -3.23274e-04            -3.51765e-03             4.99474e-01
  -2.78634e-04            -3.03975e-03             4.99474e-01
  -2.33641e-04            -2.55808e-03             4.99474e-01
  -1.89244e-04            -2.07274e-03             4.99474e-01
  -1.44611e-04            -1.58387e-03             4.99474e-01
  -9.96670e-05            -1.09158e-03             4.99474e-01
  -5.44232e-05            -5.96019e-04             4.99474e-01
  -8.89055e-06            -9.72895e-05             4.99474e-01
   3.64303e-05             4.04496e-04             4.99474e-01
   8.16004e-05             9.09213e-04             4.99474e-01
   1.27020e-04             1.41672e-03             4.99474e-01
   1.72679e-04             1.92690e-03             4.99474e-01
   2.18565e-04             2.43961e-03             4.99474e-01
   2.64491e-04             2.95475e-03             4.99474e-01
   3.09756e-04             3.47220e-03             4.99474e-01
   3.55209e-04             3.99181e-03             4.99474e-01
   4.00841e-04             4.51346e-03             4.99474e-01
   4.46638e-04             5.03700e-03             4.99474e-01
   4.92591e-04             5.56233e-03             4.99474e-01
   5.38412e-04             6.08930e-03             4.99474e-01
   5.84296e-04             6.61779e-03             4.99474e-01
   6.30300e-04             7.14766e-03             4.99474e-01
   6.76412e-04             7.67879e-03             4.99474e-01
   7.22622e-04             8.21104e-03             4.99474e-01
   7.69063e-04             8.74427e-03             4.99474e-01
   8.15775e-04             9.27836e-03             4.99474e-01
   8.62551e-04             9.81317e-03             4.99474e-01
   9.09378e-04             1.03486e-02             4.99474e-01
   9.56246e-04             1.08845e-02             4.99474e-01
   1.00313e-03             1.14207e-02             4.99474e-01
   1.04985e-03             1.19571e-02             4.99474e-01
   1.09656e-03             1.24935e-02             4.99474e-01
   1.14328e-03             1.30299e-02             4.99474e-01
   1.18997e-03             1.35662e-02             4.99474e-01
   1.23664e-03             1.41020e-02             4.99474e-01
   1.28207e-03             1.46375e-02             4.99474e-01
   1.32680e-03             1.51724e-02             4.99474e-01
   1.37147e-03             1.57065e-02             4.99474e-01
   1.41606e-03             1.62398e-02             4.99474e-01
   1.46057e-03             1.67721e-02             4.99474e-01
   1.50421e-03             1.73033e-02             4.99474e-01
   1.54451e-03             1.78334e-02             4.99474e-01
   1.58469e-03             1.83621e-02             4.99474e-01
   1.62476e-03             1.88893e-02             4.99474e-01
   1.66471e-03             1.94148e-02             4.99474e-01
   1.70452e-03             1.99385e-02             4.99474e-01
   1.74041e-03             2.04605e-02             4.99474e-01
   1.77450e-03             2.09805e-02             4.99474e-01
   1.80845e-03             2.14984e-02             4.99474e-01
   1.84225e-03             2.20139e-02             4.99474e-01
   1.87590e-03             2.25270e-02             4.99474e-01
   1.90852e-03             2.30377e-02             4.99474e-01
   1.93660e-03             2.35458e-02             4.99474e-01
   1.96452e-03             2.40511e-02             4.99474e-01
   1.99229e-03             2.45535e-02             4.99474e-01
   2.01988e-03             2.50528e-02             4.99474e-01
   2.04730e-03             2.55490e-02             4.99474e-01
   2.07121e-03             2.60420e-02             4.99474e-01
   2.09278e-03             2.65316e-02             4.99474e-01
   2.11418e-03             2.70178e-02             4.99474e-01
   2.13543e-03             2.75002e-02             4.99474e-01
   2.15651e-03             2.79789e-02             4.99474e-01
   2.17734e-03             2.84538e-02             4.99474e-01
   2.19230e-03             2.89248e-02             4.99474e-01
   2.20714e-03             2.93916e-02             4.99474e-01
   2.22183e-03             2.98543e-02             4.99474e-01
   2.23639e-03             3.03126e-02             4.99474e-01
   2.25081e-03             3.07664e-02             4.99474e-01
   2.26273e-03             3.12157e-02             4.99474e-01
   2.27097e-03             3.16604e-02             4.99474e-01
   2.27912e-03             3.21004e-02             4.99474e-01
   2.28718e-03             3.25354e-02             4.99474e-01
   2.29515e-03             3.29654e-02             4.99474e-01
   2.30302e-03             3.33903e-02             4.99474e-01
   2.30605e-03             3.38101e-02             4.99474e-01
   2.30750e-03             3.42247e-02             4.99474e-01
   2.30893e-03             3.46338e-02             4.99474e-01
   2.31033e-03             3.50373e-02             4.99474e-01
   2.31172e-03             3.54353e-02             4.99474e-01
   2.31258e-03             3.58275e-02             4.99474e-01
   2.30771e-03             3.62140e-02             4.99474e-01
   2.30290e-03             3.65947e-02             4.99474e-01
   2.29817e-03             3.69693e-02             4.99474e-01
   2.29352e-03             3.73378e-02             4.99474e-01
   2.28895e-03             3.77001e-02             4.99474e-01
   2.28202e-03             3.80561e-02             4.99474e-01
   2.27133e-03             3.84059e-02             4.99474e-01
   2.26084e-03             3.87493e-02             4.99474e-01
   2.25055e-03             3.90860e-02             4.99474e-01
   2.24046e-03             3.94162e-02             4.99474e-01
   2.23058e-03             3.97396e-02             4.99474e-01
   2.21694e-03             4.00563e-02             4.99474e-01
   2.20159e-03             4.03662e-02             4.99474e-01
   2.18660e-03             4.06692e-02             4.99474e-01
   2.17194e-03             4.09651e-02             4.99474e-01
   2.15765e-03             4.12539e-02             4.99474e-01
   2.14370e-03             4.15355e-02             4.99474e-01
   2.12458e-03             4.18101e-02             4.99474e-01
   2.10548e-03             4.20773e-02             4.99474e-01
   2.08690e-03             4.23372e-02             4.99474e-01
   2.06886e-03             4.25896e-02             4.99474e-01
   2.05135e-03             4.28344e-02             4.99474e-01
   2.03347e-03             4.30718e-02             4.99474e-01
   2.01099e-03             4.33016e-02             4.99474e-01
   1.98926e-03             4.35238e-02             4.99474e-01
   1.96829e-03             4.37382e-02             4.99474e-01
   1.94808e-03             4.39448e-02             4.99474e-01
   1.92864e-03             4.41435e-02             4.99474e-01
   1.90787e-03             4.43344e-02             4.99474e-01
   1.88420e-03             4.45175e-02             4.99474e-01
   1.86156e-03             4.46926e-02             4.99474e-01
   1.83997e-03             4.48596e-02             4.99474e-01
   1.81942e-03             4.50185e-02             4.99474e-01
   1.79993e-03             4.51693e-02             4.99474e-01
   1.77926e-03             4.53120e-02             4.99474e-01
   1.75814e-03             4.54465e-02             4.99474e-01
   1.73832e-03             4.55728e-02             4.99474e-01
   1.71979e-03             4.56908e-02             4.99474e-01
   1.70257e-03             4.58005e-02             4.99474e-01
   1.68666e-03             4.59019e-02             4.99474e-01
   1.67064e-03             4.59949e-02             4.99474e-01
   1.65581e-03             4.60796e-02             4.99474e-01
   1.64246e-03             4.61559e-02             4.99474e-01
   1.63059e-03             4.62237e-02             4.99474e-01
   1.62019e-03             4.62831e-02             4.99474e-01
   1.61113e-03             4.63341e-02             4.99474e-01
   1.60294e-03             4.63766e-02             4.99474e-01
   1.59638e-03             4.64106e-02             4.99474e-01
   1.59146e-03             4.64361e-02             4.99474e-01
   1.58818e-03             4.64531e-02             4.99474e-01
   1.58654e-03             4.64616e-02             4.99474e-01