1.00297e-02             7.73949e-02             2.81579e-01
   1.00328e-02             7.73802e-02             2.81579e-01
   1.00390e-02             7.73508e-02             2.81579e-01
   1.00482e-02             7.73067e-02             2.81579e-01
   1.00606e-02             7.72479e-02             2.81579e-01
   1.00760e-02             7.71745e-02             2.81579e-01
   1.00971e-02             7.70861e-02             2.81579e-01
   1.01219e-02             7.69830e-02             2.81579e-01
   1.01501e-02             7.68652e-02             2.81579e-01
   1.01820e-02             7.67329e-02             2.81579e-01
   1.02173e-02             7.65859e-02             2.81579e-01
   1.02581e-02             7.64241e-02             2.81579e-01
   1.03039e-02             7.62476e-02             2.81579e-01
   1.03534e-02             7.60566e-02             2.81579e-01
   1.04067e-02             7.58511e-02             2.81579e-01
   1.04637e-02             7.56312e-02             2.81579e-01
   1.05243e-02             7.53970e-02             2.81579e-01
   1.05885e-02             7.51484e-02             2.81579e-01
   1.06564e-02             7.48857e-02             2.81579e-01
   1.07280e-02             7.46087e-02             2.81579e-01
   1.08032e-02             7.43177e-02             2.81579e-01
   1.08776e-02             7.40132e-02             2.81579e-01
   1.09529e-02             7.36951e-02             2.81579e-01
   1.10315e-02             7.33631e-02             2.81579e-01
   1.11134e-02             7.30174e-02             2.81579e-01
   1.11985e-02             7.26580e-02             2.81579e-01
   1.12756e-02             7.22865e-02             2.81579e-01
   1.13539e-02             7.19018e-02             2.81579e-01
   1.14350e-02             7.15037e-02             2.81579e-01
   1.15187e-02             7.10923e-02             2.81579e-01
   1.16029e-02             7.06682e-02             2.81579e-01
   1.16773e-02             7.02326e-02             2.81579e-01
   1.17539e-02             6.97841e-02             2.81579e-01
   1.18328e-02             6.93229e-02             2.81579e-01
   1.19138e-02             6.88490e-02             2.81579e-01
   1.19925e-02             6.83632e-02             2.81579e-01
   1.20668e-02             6.78658e-02             2.81579e-01
   1.21429e-02             6.73561e-02             2.81579e-01
   1.22208e-02             6.68344e-02             2.81579e-01
   1.23006e-02             6.63006e-02             2.81579e-01
   1.23768e-02             6.57557e-02             2.81579e-01
   1.24517e-02             6.51994e-02             2.81579e-01
   1.25282e-02             6.46316e-02             2.81579e-01
   1.26062e-02             6.40523e-02             2.81579e-01
   1.26857e-02             6.34618e-02             2.81579e-01
   1.27597e-02             6.28610e-02             2.81579e-01
   1.28338e-02             6.22494e-02             2.81579e-01
   1.29093e-02             6.16270e-02             2.81579e-01
   1.29861e-02             6.09939e-02             2.81579e-01
   1.30633e-02             6.03504e-02             2.81579e-01
   1.31343e-02             5.96975e-02             2.81579e-01
   1.32064e-02             5.90344e-02             2.81579e-01
   1.32797e-02             5.83614e-02             2.81579e-01
   1.33540e-02             5.76785e-02             2.81579e-01
   1.34263e-02             5.69863e-02             2.81579e-01
   1.34939e-02             5.62853e-02             2.81579e-01
   1.35625e-02             5.55750e-02             2.81579e-01
   1.36319e-02             5.48556e-02             2.81579e-01
   1.37022e-02             5.41272e-02             2.81579e-01
   1.37676e-02             5.33908e-02             2.81579e-01
   1.38302e-02             5.26462e-02             2.81579e-01
   1.38935e-02             5.18933e-02             2.81579e-01
   1.39575e-02             5.11321e-02             2.81579e-01
   1.40222e-02             5.03629e-02             2.81579e-01
   1.40776e-02             4.95871e-02             2.81579e-01
   1.41326e-02             4.88038e-02             2.81579e-01
   1.41882e-02             4.80131e-02             2.81579e-01
   1.42443e-02             4.72151e-02             2.81579e-01
   1.42975e-02             4.64105e-02             2.81579e-01
   1.43416e-02             4.56003e-02             2.81579e-01
   1.43860e-02             4.47835e-02             2.81579e-01
   1.44307e-02             4.39602e-02             2.81579e-01
   1.44758e-02             4.31307e-02             2.81579e-01
   1.45107e-02             4.22966e-02             2.81579e-01
   1.45395e-02             4.14574e-02             2.81579e-01
   1.45684e-02             4.06126e-02             2.81579e-01
   1.45976e-02             3.97625e-02             2.81579e-01
   1.46266e-02             3.89072e-02             2.81579e-01
   1.46386e-02             3.80492e-02             2.81579e-01
   1.46505e-02             3.71864e-02             2.81579e-01
   1.46626e-02             3.63191e-02             2.81579e-01
   1.46747e-02             3.54475e-02             2.81579e-01
   1.46793e-02             3.45727e-02             2.81579e-01
   1.46734e-02             3.36954e-02             2.81579e-01
   1.46676e-02             3.28145e-02             2.81579e-01
   1.46617e-02             3.19301e-02             2.81579e-01
   1.46557e-02             3.10425e-02             2.81579e-01
   1.46345e-02             3.01539e-02             2.81579e-01
   1.46102e-02             2.92629e-02             2.81579e-01
   1.45858e-02             2.83693e-02             2.81579e-01
   1.45613e-02             2.74734e-02             2.81579e-01
   1.45322e-02             2.65759e-02             2.81579e-01
   1.44893e-02             2.56784e-02             2.81579e-01
   1.44464e-02             2.47791e-02             2.81579e-01
   1.44034e-02             2.38785e-02             2.81579e-01
   1.43603e-02             2.29765e-02             2.81579e-01
   1.43046e-02             2.20753e-02             2.81579e-01
   1.42427e-02             2.11740e-02             2.81579e-01
   1.41809e-02             2.02722e-02             2.81579e-01
   1.41189e-02             1.93700e-02             2.81579e-01
   1.40552e-02             1.84680e-02             2.81579e-01
   1.39746e-02             1.75682e-02             2.81579e-01
   1.38941e-02             1.66688e-02             2.81579e-01
   1.38135e-02             1.57700e-02             2.81579e-01
   1.37331e-02             1.48719e-02             2.81579e-01
   1.36432e-02             1.39761e-02             2.81579e-01
   1.35447e-02             1.30826e-02             2.81579e-01
   1.34463e-02             1.21905e-02             2.81579e-01
   1.33481e-02             1.13001e-02             2.81579e-01
   1.32502e-02             1.04116e-02             2.81579e-01
   1.31343e-02             9.52753e-03             2.81579e-01
   1.30178e-02             8.64589e-03             2.81579e-01
   1.29015e-02             7.76678e-03             2.81579e-01
   1.27857e-02             6.89041e-03             2.81579e-01
   1.26630e-02             6.01793e-03             2.81579e-01
   1.25289e-02             5.15016e-03             2.81579e-01
   1.23953e-02             4.28578e-03             2.81579e-01
   1.22623e-02             3.42499e-03             2.81579e-01
   1.21298e-02             2.56800e-03             2.81579e-01
   1.19828e-02             1.71700e-03             2.81579e-01
   1.18329e-02             8.70686e-04             2.81579e-01
   1.16837e-02             2.87995e-05             2.81579e-01
   1.15354e-02            -8.08456e-04             2.81579e-01
   1.13834e-02            -1.64030e-03             2.81579e-01
   1.12179e-02            -2.46522e-03             2.81579e-01
   1.10534e-02            -3.28490e-03             2.81579e-01
   1.08899e-02            -4.09915e-03             2.81579e-01
   1.07276e-02            -4.90777e-03             2.81579e-01
   1.05538e-02            -5.70890e-03             2.81579e-01
   1.03749e-02            -6.50318e-03             2.81579e-01
   1.01974e-02            -7.29126e-03             2.81579e-01
   1.00213e-02            -8.07292e-03             2.81579e-01
   9.84478e-03            -8.84775e-03             2.81579e-01
   9.65168e-03            -9.61344e-03             2.81579e-01
   9.46033e-03            -1.03722e-02             2.81579e-01
   9.27079e-03            -1.11238e-02             2.81579e-01
   9.08309e-03            -1.18680e-02             2.81579e-01
   8.88678e-03            -1.26034e-02             2.81579e-01
   8.68313e-03            -1.33299e-02             2.81579e-01
   8.48168e-03            -1.40486e-02             2.81579e-01
   8.28248e-03            -1.47592e-02             2.81579e-01
   8.08557e-03            -1.54616e-02             2.81579e-01
   7.87121e-03            -1.61531e-02             2.81579e-01
   7.65878e-03            -1.68360e-02             2.81579e-01
   7.44906e-03            -1.75102e-02             2.81579e-01
   7.24208e-03            -1.81756e-02             2.81579e-01
   7.02897e-03            -1.88308e-02             2.81579e-01
   6.80608e-03            -1.94752e-02             2.81579e-01
   6.58640e-03            -2.01103e-02             2.81579e-01
   6.36998e-03            -2.07360e-02             2.81579e-01
   6.15689e-03            -2.13521e-02             2.81579e-01
   5.92785e-03            -2.19559e-02             2.81579e-01
   5.69949e-03            -2.25494e-02             2.81579e-01
   5.47498e-03            -2.31329e-02             2.81579e-01
   5.25437e-03            -2.37064e-02             2.81579e-01
   5.02997e-03            -2.42685e-02             2.81579e-01
   4.79361e-03            -2.48181e-02             2.81579e-01
   4.56176e-03            -2.53572e-02             2.81579e-01
   4.33448e-03            -2.58857e-02             2.81579e-01
   4.11184e-03            -2.64034e-02             2.81579e-01
   3.87357e-03            -2.69075e-02             2.81579e-01
   3.63536e-03            -2.74001e-02             2.81579e-01
   3.40250e-03            -2.78816e-02             2.81579e-01
   3.17505e-03            -2.83519e-02             2.81579e-01
   2.94534e-03            -2.88099e-02             2.81579e-01
   2.70226e-03            -2.92540e-02             2.81579e-01
   2.46544e-03            -2.96867e-02             2.81579e-01
   2.23493e-03            -3.01078e-02             2.81579e-01
   2.01081e-03            -3.05173e-02             2.81579e-01
   1.76811e-03            -3.09118e-02             2.81579e-01
   1.52617e-03            -3.12937e-02             2.81579e-01
   1.29172e-03            -3.16638e-02             2.81579e-01
   1.06482e-03            -3.20220e-02             2.81579e-01
   8.33851e-04            -3.23667e-02             2.81579e-01
   5.87815e-04            -3.26963e-02             2.81579e-01
   3.50740e-04            -3.30140e-02             2.81579e-01
   1.22684e-04            -3.33195e-02             2.81579e-01
  -9.62960e-05            -3.36129e-02             2.81579e-01
  -3.40255e-04            -3.38896e-02             2.81579e-01
  -5.77519e-04            -3.41537e-02             2.81579e-01
  -8.03869e-04            -3.44057e-02             2.81579e-01
  -1.01925e-03            -3.46455e-02             2.81579e-01
  -1.24728e-03            -3.48699e-02             2.81579e-01
  -1.48716e-03            -3.50790e-02             2.81579e-01
  -1.71323e-03            -3.52761e-02             2.81579e-01
  -1.92545e-03            -3.54611e-02             2.81579e-01
  -2.13143e-03            -3.56330e-02             2.81579e-01
  -2.37258e-03            -3.57863e-02             2.81579e-01
  -2.59540e-03            -3.59280e-02             2.81579e-01
  -2.79985e-03            -3.60580e-02             2.81579e-01
  -2.98587e-03            -3.61763e-02             2.81579e-01
  -3.21337e-03            -3.62751e-02             2.81579e-01
  -3.43391e-03            -3.63606e-02             2.81579e-01
  -3.62701e-03            -3.64355e-02             2.81579e-01
  -3.79261e-03            -3.64997e-02             2.81579e-01
  -4.00201e-03            -3.65440e-02             2.81579e-01
  -4.25503e-03            -3.65683e-02             2.81579e-01
  -4.44485e-03            -3.65866e-02             2.81579e-01
  -4.57143e-03            -3.65988e-02             2.81579e-01
  -4.63473e-03            -3.66049e-02             2.81579e-01
  -4.77155e-03            -3.65729e-02             2.81579e-01
  -5.04516e-03            -3.65088e-02             2.81579e-01
  -5.28714e-03            -3.64346e-02             2.81579e-01
  -5.34583e-03            -3.63698e-02             2.81579e-01
  -5.41917e-03            -3.62889e-02             2.81579e-01
  -5.50713e-03            -3.61918e-02             2.81579e-01
  -5.60970e-03            -3.60786e-02             2.81579e-01
  -5.67938e-03            -3.59555e-02             2.81579e-01
  -5.71098e-03            -3.58232e-02             2.81579e-01
  -5.74606e-03            -3.56762e-02             2.81579e-01
  -5.78462e-03            -3.55147e-02             2.81579e-01
  -5.82665e-03            -3.53387e-02             2.81579e-01
  -5.86291e-03            -3.51494e-02             2.81579e-01
  -5.87550e-03            -3.49492e-02             2.81579e-01
  -5.88897e-03            -3.47349e-02             2.81579e-01
  -5.90333e-03            -3.45067e-02             2.81579e-01
  -5.91855e-03            -3.42645e-02             2.81579e-01
  -5.93345e-03            -3.40086e-02             2.81579e-01
  -5.92203e-03            -3.37424e-02             2.81579e-01
  -5.91004e-03            -3.34627e-02             2.81579e-01
  -5.89746e-03            -3.31695e-02             2.81579e-01
  -5.88431e-03            -3.28628e-02             2.81579e-01
  -5.87059e-03            -3.25428e-02             2.81579e-01
  -5.83704e-03            -3.22121e-02             2.81579e-01
  -5.79891e-03            -3.18687e-02             2.81579e-01
  -5.75933e-03            -3.15123e-02             2.81579e-01
  -5.71832e-03            -3.11430e-02             2.81579e-01
  -5.67589e-03            -3.07609e-02             2.81579e-01
  -5.62248e-03            -3.03673e-02             2.81579e-01
  -5.56194e-03            -2.99619e-02             2.81579e-01
  -5.49955e-03            -2.95441e-02             2.81579e-01
  -5.43531e-03            -2.91138e-02             2.81579e-01
  -5.36925e-03            -2.86714e-02             2.81579e-01
  -5.29768e-03            -2.82173e-02             2.81579e-01
  -5.21796e-03            -2.77520e-02             2.81579e-01
  -5.13620e-03            -2.72748e-02             2.81579e-01
  -5.05243e-03            -2.67859e-02             2.81579e-01
  -4.96666e-03            -2.62854e-02             2.81579e-01
  -4.87858e-03            -2.57733e-02             2.81579e-01
  -4.78339e-03            -2.52506e-02             2.81579e-01
  -4.68615e-03            -2.47167e-02             2.81579e-01
  -4.58690e-03            -2.41716e-02             2.81579e-01
  -4.48564e-03            -2.36156e-02             2.81579e-01
  -4.38241e-03            -2.30487e-02             2.81579e-01
  -4.27472e-03            -2.24715e-02             2.81579e-01
  -4.16411e-03            -2.18838e-02             2.81579e-01
  -4.05155e-03            -2.12858e-02             2.81579e-01
  -3.93705e-03            -2.06775e-02             2.81579e-01
  -3.82066e-03            -2.00590e-02             2.81579e-01
  -3.70173e-03            -1.94308e-02             2.81579e-01
  -3.57988e-03            -1.87929e-02             2.81579e-01
  -3.45619e-03            -1.81453e-02             2.81579e-01
  -3.33069e-03            -1.74883e-02             2.81579e-01
  -3.20341e-03            -1.68220e-02             2.81579e-01
  -3.07437e-03            -1.61465e-02             2.81579e-01
  -2.94299e-03            -1.54621e-02             2.81579e-01
  -2.80992e-03            -1.47690e-02             2.81579e-01
  -2.67519e-03            -1.40671e-02             2.81579e-01
  -2.53883e-03            -1.33569e-02             2.81579e-01
  -2.40089e-03            -1.26383e-02             2.81579e-01
  -2.26147e-03            -1.19116e-02             2.81579e-01
  -2.12058e-03            -1.11770e-02             2.81579e-01
  -1.97821e-03            -1.04346e-02             2.81579e-01
  -1.83438e-03            -9.68463e-03             2.81579e-01
  -1.68914e-03            -8.92730e-03             2.81579e-01
  -1.54287e-03            -8.16273e-03             2.81579e-01
  -1.39616e-03            -7.39103e-03             2.81579e-01
  -1.24814e-03            -6.61251e-03             2.81579e-01
  -1.09887e-03            -5.82737e-03             2.81579e-01
  -9.48375e-04            -5.03579e-03             2.81579e-01
  -7.96693e-04            -4.23797e-03             2.81579e-01
  -6.45423e-04            -3.43392e-03             2.81579e-01
  -4.93197e-04            -2.62400e-03             2.81579e-01
  -3.39911e-04            -1.80843e-03             2.81579e-01
  -1.85602e-04            -9.87426e-04             2.81579e-01
  -3.03078e-05            -1.61179e-04             2.81579e-01
   1.25118e-04             6.70211e-04             2.81579e-01
   2.80757e-04             1.50652e-03             2.81579e-01
   4.37257e-04             2.34746e-03             2.81579e-01
   5.94579e-04             3.19281e-03             2.81579e-01
   7.52685e-04             4.04238e-03             2.81579e-01
   9.11242e-04             4.89598e-03             2.81579e-01
   1.06906e-03             5.75356e-03             2.81579e-01
   1.22754e-03             6.61472e-03             2.81579e-01
   1.38664e-03             7.47925e-03             2.81579e-01
   1.54632e-03             8.34693e-03             2.81579e-01
   1.70654e-03             9.21755e-03             2.81579e-01
   1.86680e-03             1.00910e-02             2.81579e-01
   2.02740e-03             1.09669e-02             2.81579e-01
   2.18843e-03             1.18451e-02             2.81579e-01
   2.34984e-03             1.27254e-02             2.81579e-01
   2.51159e-03             1.36076e-02             2.81579e-01
   2.67388e-03             1.44913e-02             2.81579e-01
   2.83676e-03             1.53765e-02             2.81579e-01
   2.99986e-03             1.62628e-02             2.81579e-01
   3.16314e-03             1.71502e-02             2.81579e-01
   3.32657e-03             1.80383e-02             2.81579e-01
   3.49008e-03             1.89269e-02             2.81579e-01
   3.65333e-03             1.98160e-02             2.81579e-01
   3.81659e-03             2.07051e-02             2.81579e-01
   3.97984e-03             2.15941e-02             2.81579e-01
   4.14303e-03             2.24828e-02             2.81579e-01
   4.30612e-03             2.33710e-02             2.81579e-01
   4.46709e-03             2.42586e-02             2.81579e-01
   4.62678e-03             2.51454e-02             2.81579e-01
   4.78625e-03             2.60310e-02             2.81579e-01
   4.94546e-03             2.69152e-02             2.81579e-01
   5.10438e-03             2.77977e-02             2.81579e-01
   5.26168e-03             2.86785e-02             2.81579e-01
   5.41319e-03             2.95580e-02             2.81579e-01
   5.56430e-03             3.04351e-02             2.81579e-01
   5.71498e-03             3.13098e-02             2.81579e-01
   5.86519e-03             3.21817e-02             2.81579e-01
   6.01490e-03             3.30507e-02             2.81579e-01
   6.15777e-03             3.39173e-02             2.81579e-01
   6.29733e-03             3.47809e-02             2.81579e-01
   6.43630e-03             3.56409e-02             2.81579e-01
   6.57466e-03             3.64972e-02             2.81579e-01
   6.71237e-03             3.73494e-02             2.81579e-01
   6.84799e-03             3.81975e-02             2.81579e-01
   6.97560e-03             3.90422e-02             2.81579e-01
   7.10251e-03             3.98822e-02             2.81579e-01
   7.22868e-03             4.07174e-02             2.81579e-01
   7.35410e-03             4.15475e-02             2.81579e-01
   7.47871e-03             4.23724e-02             2.81579e-01
   7.59697e-03             4.31925e-02             2.81579e-01
   7.71076e-03             4.40074e-02             2.81579e-01
   7.82374e-03             4.48164e-02             2.81579e-01
   7.93586e-03             4.56194e-02             2.81579e-01
   8.04711e-03             4.64160e-02             2.81579e-01
   8.15733e-03             4.72062e-02             2.81579e-01
   8.25713e-03             4.79910e-02             2.81579e-01
   8.35606e-03             4.87689e-02             2.81579e-01
   8.45409e-03             4.95397e-02             2.81579e-01
   8.55120e-03             5.03033e-02             2.81579e-01
   8.64736e-03             5.10594e-02             2.81579e-01
   8.73863e-03             5.18084e-02             2.81579e-01
   8.82303e-03             5.25504e-02             2.81579e-01
   8.90651e-03             5.32843e-02             2.81579e-01
   8.98907e-03             5.40101e-02             2.81579e-01
   9.07068e-03             5.47274e-02             2.81579e-01
   9.15131e-03             5.54363e-02             2.81579e-01
   9.22304e-03             5.61374e-02             2.81579e-01
   9.29129e-03             5.68299e-02             2.81579e-01
   9.35864e-03             5.75134e-02             2.81579e-01
   9.42508e-03             5.81876e-02             2.81579e-01
   9.49059e-03             5.88524e-02             2.81579e-01
   9.55432e-03             5.95077e-02             2.81579e-01
   9.60755e-03             6.01545e-02             2.81579e-01
   9.65997e-03             6.07914e-02             2.81579e-01
   9.71156e-03             6.14182e-02             2.81579e-01
   9.76230e-03             6.20348e-02             2.81579e-01
   9.81219e-03             6.26410e-02             2.81579e-01
   9.85715e-03             6.32371e-02             2.81579e-01
   9.89484e-03             6.38234e-02             2.81579e-01
   9.93183e-03             6.43989e-02             2.81579e-01
   9.96812e-03             6.49633e-02             2.81579e-01
   1.00037e-02             6.55167e-02             2.81579e-01
   1.00385e-02             6.60587e-02             2.81579e-01
   1.00660e-02             6.65902e-02             2.81579e-01
   1.00896e-02             6.71106e-02             2.81579e-01
   1.01126e-02             6.76192e-02             2.81579e-01
   1.01352e-02             6.81161e-02             2.81579e-01
   1.01571e-02             6.86010e-02             2.81579e-01
   1.01785e-02             6.90739e-02             2.81579e-01
   1.01902e-02             6.95357e-02             2.81579e-01
   1.02007e-02             6.99854e-02             2.81579e-01
   1.02109e-02             7.04226e-02             2.81579e-01
   1.02208e-02             7.08473e-02             2.81579e-01
   1.02305e-02             7.12593e-02             2.81579e-01
   1.02383e-02             7.16587e-02             2.81579e-01
   1.02372e-02             7.20465e-02             2.81579e-01
   1.02362e-02             7.24212e-02             2.81579e-01
   1.02352e-02             7.27829e-02             2.81579e-01
   1.02342e-02             7.31313e-02             2.81579e-01
   1.02333e-02             7.34666e-02             2.81579e-01
   1.02289e-02             7.37889e-02             2.81579e-01
   1.02184e-02             7.40986e-02             2.81579e-01
   1.02084e-02             7.43948e-02             2.81579e-01
   1.01988e-02             7.46773e-02             2.81579e-01
   1.01897e-02             7.49461e-02             2.81579e-01
   1.01811e-02             7.52012e-02             2.81579e-01
   1.01692e-02             7.54430e-02             2.81579e-01
   1.01553e-02             7.56712e-02             2.81579e-01
   1.01422e-02             7.58854e-02             2.81579e-01
   1.01300e-02             7.60855e-02             2.81579e-01
   1.01186e-02             7.62716e-02             2.81579e-01
   1.01081e-02             7.64435e-02             2.81579e-01
   1.00961e-02             7.66016e-02             2.81579e-01
   1.00848e-02             7.67454e-02             2.81579e-01
   1.00746e-02             7.68750e-02             2.81579e-01
   1.00655e-02             7.69903e-02             2.81579e-01
   1.00576e-02             7.70912e-02             2.81579e-01
   1.00505e-02             7.71778e-02             2.81579e-01
   1.00436e-02             7.72501e-02             2.81579e-01
   1.00380e-02             7.73080e-02             2.81579e-01
   1.00339e-02             7.73514e-02             2.81579e-01
   1.00311e-02             7.73804e-02             2.81579e-01
   1.00297e-02             7.73949e-02             2.81579e-01