6.84393e-08             3.45189e-02             6.81053e-01
   2.25856e-06             3.45126e-02             6.81053e-01
   6.63825e-06             3.45000e-02             6.81053e-01
   1.32064e-05             3.44812e-02             6.81053e-01
   2.19615e-05             3.44562e-02             6.81053e-01
   3.29013e-05             3.44248e-02             6.81053e-01
   4.71788e-05             3.43873e-02             6.81053e-01
   6.39053e-05             3.43434e-02             6.81053e-01
   8.30095e-05             3.42934e-02             6.81053e-01
   1.04487e-04             3.42371e-02             6.81053e-01
   1.28332e-04             3.41747e-02             6.81053e-01
   1.55441e-04             3.41060e-02             6.81053e-01
   1.85548e-04             3.40312e-02             6.81053e-01
   2.18130e-04             3.39502e-02             6.81053e-01
   2.53179e-04             3.38631e-02             6.81053e-01
   2.90687e-04             3.37699e-02             6.81053e-01
   3.30593e-04             3.36706e-02             6.81053e-01
   3.72891e-04             3.35652e-02             6.81053e-01
   4.17612e-04             3.34538e-02             6.81053e-01
   4.64746e-04             3.33364e-02             6.81053e-01
   5.14281e-04             3.32130e-02             6.81053e-01
   5.64225e-04             3.30837e-02             6.81053e-01
   6.15350e-04             3.29485e-02             6.81053e-01
   6.68699e-04             3.28073e-02             6.81053e-01
   7.24259e-04             3.26603e-02             6.81053e-01
   7.82016e-04             3.25075e-02             6.81053e-01
   8.36950e-04             3.23489e-02             6.81053e-01
   8.93179e-04             3.21846e-02             6.81053e-01
   9.51356e-04             3.20146e-02             6.81053e-01
   1.01147e-03             3.18389e-02             6.81053e-01
   1.07249e-03             3.16577e-02             6.81053e-01
   1.12991e-03             3.14708e-02             6.81053e-01
   1.18902e-03             3.12785e-02             6.81053e-01
   1.24982e-03             3.10806e-02             6.81053e-01
   1.31228e-03             3.08774e-02             6.81053e-01
   1.37442e-03             3.06687e-02             6.81053e-01
   1.43529e-03             3.04548e-02             6.81053e-01
   1.49765e-03             3.02356e-02             6.81053e-01
   1.56149e-03             3.00111e-02             6.81053e-01
   1.62681e-03             2.97815e-02             6.81053e-01
   1.69124e-03             2.95468e-02             6.81053e-01
   1.75571e-03             2.93071e-02             6.81053e-01
   1.82153e-03             2.90624e-02             6.81053e-01
   1.88867e-03             2.88127e-02             6.81053e-01
   1.95713e-03             2.85582e-02             6.81053e-01
   2.02371e-03             2.82989e-02             6.81053e-01
   2.09100e-03             2.80348e-02             6.81053e-01
   2.15949e-03             2.77661e-02             6.81053e-01
   2.22915e-03             2.74927e-02             6.81053e-01
   2.29961e-03             2.72149e-02             6.81053e-01
   2.36787e-03             2.69325e-02             6.81053e-01
   2.43720e-03             2.66458e-02             6.81053e-01
   2.50758e-03             2.63547e-02             6.81053e-01
   2.57898e-03             2.60594e-02             6.81053e-01
   2.65005e-03             2.57598e-02             6.81053e-01
   2.71957e-03             2.54562e-02             6.81053e-01
   2.79001e-03             2.51486e-02             6.81053e-01
   2.86137e-03             2.48369e-02             6.81053e-01
   2.93361e-03             2.45214e-02             6.81053e-01
   3.00414e-03             2.42021e-02             6.81053e-01
   3.07393e-03             2.38791e-02             6.81053e-01
   3.14451e-03             2.35524e-02             6.81053e-01
   3.21586e-03             2.32221e-02             6.81053e-01
   3.28796e-03             2.28884e-02             6.81053e-01
   3.35632e-03             2.25513e-02             6.81053e-01
   3.42499e-03             2.22108e-02             6.81053e-01
   3.49432e-03             2.18671e-02             6.81053e-01
   3.56428e-03             2.15203e-02             6.81053e-01
   3.63338e-03             2.11704e-02             6.81053e-01
   3.69875e-03             2.08175e-02             6.81053e-01
   3.76465e-03             2.04617e-02             6.81053e-01
   3.83108e-03             2.01031e-02             6.81053e-01
   3.89801e-03             1.97419e-02             6.81053e-01
   3.96073e-03             1.93779e-02             6.81053e-01
   4.02106e-03             1.90115e-02             6.81053e-01
   4.08178e-03             1.86426e-02             6.81053e-01
   4.14290e-03             1.82713e-02             6.81053e-01
   4.20426e-03             1.78978e-02             6.81053e-01
   4.25826e-03             1.75221e-02             6.81053e-01
   4.31255e-03             1.71444e-02             6.81053e-01
   4.36713e-03             1.67646e-02             6.81053e-01
   4.42199e-03             1.63830e-02             6.81053e-01
   4.47374e-03             1.59995e-02             6.81053e-01
   4.52104e-03             1.56144e-02             6.81053e-01
   4.56854e-03             1.52276e-02             6.81053e-01
   4.61622e-03             1.48394e-02             6.81053e-01
   4.66408e-03             1.44497e-02             6.81053e-01
   4.70530e-03             1.40587e-02             6.81053e-01
   4.74527e-03             1.36665e-02             6.81053e-01
   4.78536e-03             1.32731e-02             6.81053e-01
   4.82555e-03             1.28787e-02             6.81053e-01
   4.86378e-03             1.24834e-02             6.81053e-01
   4.89600e-03             1.20873e-02             6.81053e-01
   4.92827e-03             1.16904e-02             6.81053e-01
   4.96060e-03             1.12929e-02             6.81053e-01
   4.99298e-03             1.08948e-02             6.81053e-01
   5.01978e-03             1.04963e-02             6.81053e-01
   5.04388e-03             1.00974e-02             6.81053e-01
   5.06800e-03             9.69834e-03             6.81053e-01
   5.09212e-03             9.29909e-03             6.81053e-01
   5.11544e-03             8.89980e-03             6.81053e-01
   5.13123e-03             8.50055e-03             6.81053e-01
   5.14702e-03             8.10145e-03             6.81053e-01
   5.16280e-03             7.70260e-03             6.81053e-01
   5.17857e-03             7.30409e-03             6.81053e-01
   5.19005e-03             6.90603e-03             6.81053e-01
   5.19762e-03             6.50851e-03             6.81053e-01
   5.20518e-03             6.11162e-03             6.81053e-01
   5.21273e-03             5.71548e-03             6.81053e-01
   5.22027e-03             5.32016e-03             6.81053e-01
   5.21969e-03             4.92578e-03             6.81053e-01
   5.21869e-03             4.53244e-03             6.81053e-01
   5.21769e-03             4.14021e-03             6.81053e-01
   5.21669e-03             3.74921e-03             6.81053e-01
   5.21248e-03             3.35953e-03             6.81053e-01
   5.20298e-03             2.97127e-03             6.81053e-01
   5.19351e-03             2.58452e-03             6.81053e-01
   5.18408e-03             2.19938e-03             6.81053e-01
   5.17469e-03             1.81594e-03             6.81053e-01
   5.15859e-03             1.43429e-03             6.81053e-01
   5.14092e-03             1.05454e-03             6.81053e-01
   5.12334e-03             6.76775e-04             6.81053e-01
   5.10586e-03             3.01085e-04             6.81053e-01
   5.08651e-03            -7.24329e-05             6.81053e-01
   5.06077e-03            -4.43688e-04             6.81053e-01
   5.03521e-03            -8.12589e-04             6.81053e-01
   5.00981e-03            -1.17904e-03             6.81053e-01
   4.98458e-03            -1.54296e-03             6.81053e-01
   4.95389e-03            -1.90426e-03             6.81053e-01
   4.92054e-03            -2.26283e-03             6.81053e-01
   4.88746e-03            -2.61861e-03             6.81053e-01
   4.85465e-03            -2.97149e-03             6.81053e-01
   4.82128e-03            -3.32140e-03             6.81053e-01
   4.78010e-03            -3.66824e-03             6.81053e-01
   4.73930e-03            -4.01193e-03             6.81053e-01
   4.69888e-03            -4.35238e-03             6.81053e-01
   4.65886e-03            -4.68952e-03             6.81053e-01
   4.61455e-03            -5.02325e-03             6.81053e-01
   4.56652e-03            -5.35350e-03             6.81053e-01
   4.51900e-03            -5.68018e-03             6.81053e-01
   4.47202e-03            -6.00322e-03             6.81053e-01
   4.42557e-03            -6.32253e-03             6.81053e-01
   4.37085e-03            -6.63804e-03             6.81053e-01
   4.31649e-03            -6.94966e-03             6.81053e-01
   4.26282e-03            -7.25732e-03             6.81053e-01
   4.20985e-03            -7.56095e-03             6.81053e-01
   4.15362e-03            -7.86046e-03             6.81053e-01
   4.09248e-03            -8.15579e-03             6.81053e-01
   4.03222e-03            -8.44687e-03             6.81053e-01
   3.97286e-03            -8.73361e-03             6.81053e-01
   3.91440e-03            -9.01596e-03             6.81053e-01
   3.84826e-03            -9.29383e-03             6.81053e-01
   3.78183e-03            -9.56717e-03             6.81053e-01
   3.71652e-03            -9.83590e-03             6.81053e-01
   3.65235e-03            -1.01000e-02             6.81053e-01
   3.58587e-03            -1.03593e-02             6.81053e-01
   3.51343e-03            -1.06138e-02             6.81053e-01
   3.44237e-03            -1.08635e-02             6.81053e-01
   3.37272e-03            -1.11082e-02             6.81053e-01
   3.30449e-03            -1.13479e-02             6.81053e-01
   3.22863e-03            -1.15826e-02             6.81053e-01
   3.15214e-03            -1.18122e-02             6.81053e-01
   3.07737e-03            -1.20367e-02             6.81053e-01
   3.00433e-03            -1.22559e-02             6.81053e-01
   2.92961e-03            -1.24698e-02             6.81053e-01
   2.84823e-03            -1.26785e-02             6.81053e-01
   2.76894e-03            -1.28817e-02             6.81053e-01
   2.69177e-03            -1.30796e-02             6.81053e-01
   2.61674e-03            -1.32719e-02             6.81053e-01
   2.53270e-03            -1.34588e-02             6.81053e-01
   2.44829e-03            -1.36400e-02             6.81053e-01
   2.36649e-03            -1.38157e-02             6.81053e-01
   2.28732e-03            -1.39857e-02             6.81053e-01
   2.20560e-03            -1.41500e-02             6.81053e-01
   2.11641e-03            -1.43086e-02             6.81053e-01
   2.03048e-03            -1.44614e-02             6.81053e-01
   1.94781e-03            -1.46084e-02             6.81053e-01
   1.86843e-03            -1.47495e-02             6.81053e-01
   1.77715e-03            -1.48848e-02             6.81053e-01
   1.68809e-03            -1.50141e-02             6.81053e-01
   1.60313e-03            -1.51375e-02             6.81053e-01
   1.52228e-03            -1.52549e-02             6.81053e-01
   1.43501e-03            -1.53663e-02             6.81053e-01
   1.34168e-03            -1.54717e-02             6.81053e-01
   1.25372e-03            -1.55710e-02             6.81053e-01
   1.17114e-03            -1.56642e-02             6.81053e-01
   1.09056e-03            -1.57513e-02             6.81053e-01
   9.93502e-04            -1.58323e-02             6.81053e-01
   9.03816e-04            -1.59071e-02             6.81053e-01
   8.21526e-04            -1.59758e-02             6.81053e-01
   7.46653e-04            -1.60382e-02             6.81053e-01
   6.52477e-04            -1.60945e-02             6.81053e-01
   5.60597e-04            -1.61445e-02             6.81053e-01
   4.80153e-04            -1.61883e-02             6.81053e-01
   4.11164e-04            -1.62259e-02             6.81053e-01
   3.21831e-04            -1.62573e-02             6.81053e-01
   2.12228e-04            -1.62823e-02             6.81053e-01
   1.30002e-04            -1.63011e-02             6.81053e-01
   7.51738e-05            -1.63137e-02             6.81053e-01
   4.77561e-05            -1.63199e-02             6.81053e-01
  -1.40809e-05            -1.63137e-02             6.81053e-01
  -1.37740e-04            -1.63011e-02             6.81053e-01
  -2.48104e-04            -1.62823e-02             6.81053e-01
  -2.77529e-04            -1.62573e-02             6.81053e-01
  -3.14296e-04            -1.62259e-02             6.81053e-01
  -3.58398e-04            -1.61883e-02             6.81053e-01
  -4.09822e-04            -1.61445e-02             6.81053e-01
  -4.47386e-04            -1.60945e-02             6.81053e-01
  -4.68772e-04            -1.60382e-02             6.81053e-01
  -4.92514e-04            -1.59758e-02             6.81053e-01
  -5.18609e-04            -1.59071e-02             6.81053e-01
  -5.47049e-04            -1.58323e-02             6.81053e-01
  -5.73715e-04            -1.57513e-02             6.81053e-01
  -5.90618e-04            -1.56642e-02             6.81053e-01
  -6.08706e-04            -1.55710e-02             6.81053e-01
  -6.27976e-04            -1.54717e-02             6.81053e-01
  -6.48422e-04            -1.53663e-02             6.81053e-01
  -6.69500e-04            -1.52549e-02             6.81053e-01
  -6.79624e-04            -1.51375e-02             6.81053e-01
  -6.90264e-04            -1.50141e-02             6.81053e-01
  -7.01417e-04            -1.48848e-02             6.81053e-01
  -7.13080e-04            -1.47495e-02             6.81053e-01
  -7.25250e-04            -1.46084e-02             6.81053e-01
  -7.29335e-04            -1.44614e-02             6.81053e-01
  -7.32128e-04            -1.43086e-02             6.81053e-01
  -7.35027e-04            -1.41500e-02             6.81053e-01
  -7.38030e-04            -1.39857e-02             6.81053e-01
  -7.41138e-04            -1.38157e-02             6.81053e-01
  -7.40077e-04            -1.36400e-02             6.81053e-01
  -7.36570e-04            -1.34588e-02             6.81053e-01
  -7.32954e-04            -1.32719e-02             6.81053e-01
  -7.29232e-04            -1.30796e-02             6.81053e-01
  -7.25404e-04            -1.28817e-02             6.81053e-01
  -7.19825e-04            -1.26785e-02             6.81053e-01
  -7.11303e-04            -1.24698e-02             6.81053e-01
  -7.02564e-04            -1.22559e-02             6.81053e-01
  -6.93610e-04            -1.20367e-02             6.81053e-01
  -6.84443e-04            -1.18122e-02             6.81053e-01
  -6.74911e-04            -1.15826e-02             6.81053e-01
  -6.62870e-04            -1.13479e-02             6.81053e-01
  -6.50570e-04            -1.11082e-02             6.81053e-01
  -6.38015e-04            -1.08634e-02             6.81053e-01
  -6.25207e-04            -1.06138e-02             6.81053e-01
  -6.12149e-04            -1.03593e-02             6.81053e-01
  -5.97722e-04            -1.00999e-02             6.81053e-01
  -5.82609e-04            -9.83589e-03             6.81053e-01
  -5.67228e-04            -9.56716e-03             6.81053e-01
  -5.51584e-04            -9.29382e-03             6.81053e-01
  -5.35680e-04            -9.01595e-03             6.81053e-01
  -5.19229e-04            -8.73360e-03             6.81053e-01
  -5.02040e-04            -8.44686e-03             6.81053e-01
  -4.84593e-04            -8.15578e-03             6.81053e-01
  -4.66890e-04            -7.86045e-03             6.81053e-01
  -4.48936e-04            -7.56094e-03             6.81053e-01
  -4.30730e-04            -7.25731e-03             6.81053e-01
  -4.12002e-04            -6.94965e-03             6.81053e-01
  -3.93034e-04            -6.63803e-03             6.81053e-01
  -3.73829e-04            -6.32252e-03             6.81053e-01
  -3.54392e-04            -6.00321e-03             6.81053e-01
  -3.34729e-04            -5.68018e-03             6.81053e-01
  -3.14883e-04            -5.35349e-03             6.81053e-01
  -2.94843e-04            -5.02324e-03             6.81053e-01
  -2.74590e-04            -4.68951e-03             6.81053e-01
  -2.54132e-04            -4.35237e-03             6.81053e-01
  -2.33472e-04            -4.01192e-03             6.81053e-01
  -2.12774e-04            -3.66823e-03             6.81053e-01
  -1.92284e-04            -3.32139e-03             6.81053e-01
  -1.71612e-04            -2.97148e-03             6.81053e-01
  -1.50765e-04            -2.61860e-03             6.81053e-01
  -1.29747e-04            -2.26282e-03             6.81053e-01
  -1.08563e-04            -1.90425e-03             6.81053e-01
  -8.79148e-05            -1.54295e-03             6.81053e-01
  -6.71807e-05            -1.17903e-03             6.81053e-01
  -4.63022e-05            -8.12579e-04             6.81053e-01
  -2.52844e-05            -4.43678e-04             6.81053e-01
  -4.13237e-06            -7.24228e-05             6.81053e-01
   1.67850e-05             3.01096e-04             6.81053e-01
   3.75163e-05             6.76785e-04             6.81053e-01
   5.83622e-05             1.05455e-03             6.81053e-01
   7.93177e-05             1.43430e-03             6.81053e-01
   1.00377e-04             1.81595e-03             6.81053e-01
   1.21406e-04             2.19939e-03             6.81053e-01
   1.41885e-04             2.58453e-03             6.81053e-01
   1.62449e-04             2.97128e-03             6.81053e-01
   1.83093e-04             3.35954e-03             6.81053e-01
   2.03813e-04             3.74922e-03             6.81053e-01
   2.24603e-04             4.14022e-03             6.81053e-01
   2.45254e-04             4.53245e-03             6.81053e-01
   2.65912e-04             4.92579e-03             6.81053e-01
   2.86624e-04             5.32017e-03             6.81053e-01
   3.07386e-04             5.71549e-03             6.81053e-01
   3.28191e-04             6.11163e-03             6.81053e-01
   3.49143e-04             6.50852e-03             6.81053e-01
   3.70274e-04             6.90604e-03             6.81053e-01
   3.91434e-04             7.30410e-03             6.81053e-01
   4.12618e-04             7.70261e-03             6.81053e-01
   4.33819e-04             8.10146e-03             6.81053e-01
   4.55027e-04             8.50056e-03             6.81053e-01
   4.76100e-04             8.89981e-03             6.81053e-01
   4.97175e-04             9.29910e-03             6.81053e-01
   5.18248e-04             9.69835e-03             6.81053e-01
   5.39313e-04             1.00974e-02             6.81053e-01
   5.60365e-04             1.04963e-02             6.81053e-01
   5.80516e-04             1.08948e-02             6.81053e-01
   6.00153e-04             1.12929e-02             6.81053e-01
   6.19763e-04             1.16904e-02             6.81053e-01
   6.39342e-04             1.20873e-02             6.81053e-01
   6.58884e-04             1.24834e-02             6.81053e-01
   6.77813e-04             1.28787e-02             6.81053e-01
   6.94281e-04             1.32731e-02             6.81053e-01
   7.10706e-04             1.36665e-02             6.81053e-01
   7.27083e-04             1.40587e-02             6.81053e-01
   7.43410e-04             1.44497e-02             6.81053e-01
   7.59682e-04             1.48394e-02             6.81053e-01
   7.73090e-04             1.52276e-02             6.81053e-01
   7.85214e-04             1.56144e-02             6.81053e-01
   7.97288e-04             1.59995e-02             6.81053e-01
   8.09308e-04             1.63830e-02             6.81053e-01
   8.21272e-04             1.67646e-02             6.81053e-01
   8.32545e-04             1.71444e-02             6.81053e-01
   8.40506e-04             1.75221e-02             6.81053e-01
   8.48424e-04             1.78978e-02             6.81053e-01
   8.56296e-04             1.82713e-02             6.81053e-01
   8.64120e-04             1.86426e-02             6.81053e-01
   8.71894e-04             1.90115e-02             6.81053e-01
   8.77150e-04             1.93779e-02             6.81053e-01
   8.80743e-04             1.97419e-02             6.81053e-01
   8.84311e-04             2.01032e-02             6.81053e-01
   8.87852e-04             2.04617e-02             6.81053e-01
   8.91366e-04             2.08175e-02             6.81053e-01
   8.94794e-04             2.11704e-02             6.81053e-01
   8.93963e-04             2.15203e-02             6.81053e-01
   8.93139e-04             2.18671e-02             6.81053e-01
   8.92322e-04             2.22108e-02             6.81053e-01
   8.91513e-04             2.25513e-02             6.81053e-01
   8.90712e-04             2.28884e-02             6.81053e-01
   8.88172e-04             2.32222e-02             6.81053e-01
   8.83018e-04             2.35524e-02             6.81053e-01
   8.77920e-04             2.38791e-02             6.81053e-01
   8.72879e-04             2.42021e-02             6.81053e-01
   8.67896e-04             2.45214e-02             6.81053e-01
   8.62973e-04             2.48369e-02             6.81053e-01
   8.54583e-04             2.51486e-02             6.81053e-01
   8.45153e-04             2.54562e-02             6.81053e-01
   8.35846e-04             2.57598e-02             6.81053e-01
   8.26665e-04             2.60594e-02             6.81053e-01
   8.17613e-04             2.63547e-02             6.81053e-01
   8.08314e-04             2.66458e-02             6.81053e-01
   7.94898e-04             2.69325e-02             6.81053e-01
   7.81688e-04             2.72149e-02             6.81053e-01
   7.68688e-04             2.74927e-02             6.81053e-01
   7.55899e-04             2.77661e-02             6.81053e-01
   7.43326e-04             2.80348e-02             6.81053e-01
   7.29157e-04             2.82989e-02             6.81053e-01
   7.12362e-04             2.85582e-02             6.81053e-01
   6.95878e-04             2.88127e-02             6.81053e-01
   6.79709e-04             2.90624e-02             6.81053e-01
   6.63859e-04             2.93071e-02             6.81053e-01
   6.48332e-04             2.95468e-02             6.81053e-01
   6.30182e-04             2.97815e-02             6.81053e-01
   6.10942e-04             3.00111e-02             6.81053e-01
   5.92135e-04             3.02356e-02             6.81053e-01
   5.73764e-04             3.04548e-02             6.81053e-01
   5.55836e-04             3.06687e-02             6.81053e-01
   5.38353e-04             3.08774e-02             6.81053e-01
   5.17207e-04             3.10806e-02             6.81053e-01
   4.96258e-04             3.12785e-02             6.81053e-01
   4.75888e-04             3.14708e-02             6.81053e-01
   4.56102e-04             3.16577e-02             6.81053e-01
   4.36906e-04             3.18389e-02             6.81053e-01
   4.17627e-04             3.20146e-02             6.81053e-01
   3.95118e-04             3.21846e-02             6.81053e-01
   3.73363e-04             3.23489e-02             6.81053e-01
   3.52367e-04             3.25075e-02             6.81053e-01
   3.32136e-04             3.26603e-02             6.81053e-01
   3.12675e-04             3.28073e-02             6.81053e-01
   2.92421e-04             3.29485e-02             6.81053e-01
   2.70216e-04             3.30837e-02             6.81053e-01
   2.48984e-04             3.32130e-02             6.81053e-01
   2.28728e-04             3.33364e-02             6.81053e-01
   2.09454e-04             3.34538e-02             6.81053e-01
   1.91166e-04             3.35652e-02             6.81053e-01
   1.72211e-04             3.36706e-02             6.81053e-01
   1.53131e-04             3.37699e-02             6.81053e-01
   1.35220e-04             3.38631e-02             6.81053e-01
   1.18484e-04             3.39502e-02             6.81053e-01
   1.02925e-04             3.40312e-02             6.81053e-01
   8.85485e-05             3.41060e-02             6.81053e-01
   7.42978e-05             3.41747e-02             6.81053e-01
   6.11535e-05             3.42371e-02             6.81053e-01
   4.93144e-05             3.42934e-02             6.81053e-01
   3.87833e-05             3.43434e-02             6.81053e-01
   2.95630e-05             3.43873e-02             6.81053e-01
   2.15453e-05             3.44248e-02             6.81053e-01
   1.43893e-05             3.44562e-02             6.81053e-01
   8.66237e-06             3.44812e-02             6.81053e-01
   4.36594e-06             3.45000e-02             6.81053e-01
   1.50106e-06             3.45126e-02             6.81053e-01
   6.84393e-08             3.45189e-02             6.81053e-01