4.34061e-04             3.84958e-02             6.08421e-01
   4.36425e-04             3.84888e-02             6.08421e-01
   4.41151e-04             3.84747e-02             6.08421e-01
   4.48240e-04             3.84537e-02             6.08421e-01
   4.57688e-04             3.84256e-02             6.08421e-01
   4.69495e-04             3.83905e-02             6.08421e-01
   4.84945e-04             3.83484e-02             6.08421e-01
   5.03047e-04             3.82994e-02             6.08421e-01
   5.23723e-04             3.82433e-02             6.08421e-01
   5.46967e-04             3.81803e-02             6.08421e-01
   5.72774e-04             3.81103e-02             6.08421e-01
   6.02144e-04             3.80334e-02             6.08421e-01
   6.34779e-04             3.79496e-02             6.08421e-01
   6.70096e-04             3.78589e-02             6.08421e-01
   7.08088e-04             3.77613e-02             6.08421e-01
   7.48746e-04             3.76569e-02             6.08421e-01
   7.92001e-04             3.75457e-02             6.08421e-01
   8.37847e-04             3.74276e-02             6.08421e-01
   8.86321e-04             3.73028e-02             6.08421e-01
   9.37409e-04             3.71713e-02             6.08421e-01
   9.91099e-04             3.70331e-02             6.08421e-01
   1.04517e-03             3.68882e-02             6.08421e-01
   1.10049e-03             3.67367e-02             6.08421e-01
   1.15821e-03             3.65786e-02             6.08421e-01
   1.21832e-03             3.64140e-02             6.08421e-01
   1.28081e-03             3.62429e-02             6.08421e-01
   1.34008e-03             3.60653e-02             6.08421e-01
   1.40072e-03             3.58814e-02             6.08421e-01
   1.46346e-03             3.56911e-02             6.08421e-01
   1.52829e-03             3.54944e-02             6.08421e-01
   1.59407e-03             3.52915e-02             6.08421e-01
   1.65575e-03             3.50824e-02             6.08421e-01
   1.71926e-03             3.48671e-02             6.08421e-01
   1.78457e-03             3.46457e-02             6.08421e-01
   1.85167e-03             3.44183e-02             6.08421e-01
   1.91835e-03             3.41848e-02             6.08421e-01
   1.98353e-03             3.39454e-02             6.08421e-01
   2.05033e-03             3.37002e-02             6.08421e-01
   2.11871e-03             3.34491e-02             6.08421e-01
   2.18866e-03             3.31922e-02             6.08421e-01
   2.25756e-03             3.29297e-02             6.08421e-01
   2.32645e-03             3.26615e-02             6.08421e-01
   2.39677e-03             3.23877e-02             6.08421e-01
   2.46851e-03             3.21085e-02             6.08421e-01
   2.54165e-03             3.18238e-02             6.08421e-01
   2.61264e-03             3.15337e-02             6.08421e-01
   2.68437e-03             3.12384e-02             6.08421e-01
   2.75737e-03             3.09379e-02             6.08421e-01
   2.83162e-03             3.06322e-02             6.08421e-01
   2.90670e-03             3.03214e-02             6.08421e-01
   2.97928e-03             3.00056e-02             6.08421e-01
   3.05299e-03             2.96850e-02             6.08421e-01
   3.12782e-03             2.93595e-02             6.08421e-01
   3.20374e-03             2.90292e-02             6.08421e-01
   3.27922e-03             2.86943e-02             6.08421e-01
   3.35294e-03             2.83548e-02             6.08421e-01
   3.42763e-03             2.80109e-02             6.08421e-01
   3.50329e-03             2.76624e-02             6.08421e-01
   3.57988e-03             2.73097e-02             6.08421e-01
   3.65452e-03             2.69527e-02             6.08421e-01
   3.72829e-03             2.65916e-02             6.08421e-01
   3.80290e-03             2.62263e-02             6.08421e-01
   3.87832e-03             2.58571e-02             6.08421e-01
   3.95453e-03             2.54841e-02             6.08421e-01
   4.02653e-03             2.51072e-02             6.08421e-01
   4.09883e-03             2.47267e-02             6.08421e-01
   4.17182e-03             2.43425e-02             6.08421e-01
   4.24548e-03             2.39548e-02             6.08421e-01
   4.31814e-03             2.35638e-02             6.08421e-01
   4.38661e-03             2.31694e-02             6.08421e-01
   4.45563e-03             2.27718e-02             6.08421e-01
   4.52521e-03             2.23711e-02             6.08421e-01
   4.59530e-03             2.19673e-02             6.08421e-01
   4.66067e-03             2.15607e-02             6.08421e-01
   4.72334e-03             2.11512e-02             6.08421e-01
   4.78643e-03             2.07391e-02             6.08421e-01
   4.84992e-03             2.03243e-02             6.08421e-01
   4.91365e-03             1.99070e-02             6.08421e-01
   4.96915e-03             1.94873e-02             6.08421e-01
   5.02495e-03             1.90653e-02             6.08421e-01
   5.08104e-03             1.86411e-02             6.08421e-01
   5.13742e-03             1.82148e-02             6.08421e-01
   5.19031e-03             1.77866e-02             6.08421e-01
   5.23822e-03             1.73565e-02             6.08421e-01
   5.28633e-03             1.69246e-02             6.08421e-01
   5.33462e-03             1.64910e-02             6.08421e-01
   5.38310e-03             1.60558e-02             6.08421e-01
   5.42414e-03             1.56192e-02             6.08421e-01
   5.46379e-03             1.51813e-02             6.08421e-01
   5.50355e-03             1.47421e-02             6.08421e-01
   5.54342e-03             1.43018e-02             6.08421e-01
   5.58108e-03             1.38605e-02             6.08421e-01
   5.61203e-03             1.34183e-02             6.08421e-01
   5.64304e-03             1.29753e-02             6.08421e-01
   5.67409e-03             1.25315e-02             6.08421e-01
   5.70519e-03             1.20872e-02             6.08421e-01
   5.73007e-03             1.16425e-02             6.08421e-01
   5.75194e-03             1.11974e-02             6.08421e-01
   5.77381e-03             1.07520e-02             6.08421e-01
   5.79570e-03             1.03064e-02             6.08421e-01
   5.81668e-03             9.86083e-03             6.08421e-01
   5.82927e-03             9.41539e-03             6.08421e-01
   5.84186e-03             8.97011e-03             6.08421e-01
   5.85445e-03             8.52511e-03             6.08421e-01
   5.86702e-03             8.08049e-03             6.08421e-01
   5.87482e-03             7.63642e-03             6.08421e-01
   5.87827e-03             7.19301e-03             6.08421e-01
   5.88171e-03             6.75030e-03             6.08421e-01
   5.88515e-03             6.30842e-03             6.08421e-01
   5.88858e-03             5.86747e-03             6.08421e-01
   5.88298e-03             5.42766e-03             6.08421e-01
   5.87692e-03             4.98901e-03             6.08421e-01
   5.87087e-03             4.55161e-03             6.08421e-01
   5.86484e-03             4.11558e-03             6.08421e-01
   5.85525e-03             3.68105e-03             6.08421e-01
   5.83977e-03             3.24818e-03             6.08421e-01
   5.82435e-03             2.81699e-03             6.08421e-01
   5.80899e-03             2.38759e-03             6.08421e-01
   5.79370e-03             1.96009e-03             6.08421e-01
   5.77094e-03             1.53468e-03             6.08421e-01
   5.74646e-03             1.11140e-03             6.08421e-01
   5.72211e-03             6.90333e-04             6.08421e-01
   5.69790e-03             2.71581e-04             6.08421e-01
   5.67161e-03            -1.44727e-04             6.08421e-01
   5.63825e-03            -5.58432e-04             6.08421e-01
   5.60510e-03            -9.69512e-04             6.08421e-01
   5.57217e-03            -1.37787e-03             6.08421e-01
   5.53946e-03            -1.78340e-03             6.08421e-01
   5.50068e-03            -2.18593e-03             6.08421e-01
   5.45899e-03            -2.58540e-03             6.08421e-01
   5.41762e-03            -2.98175e-03             6.08421e-01
   5.37659e-03            -3.37487e-03             6.08421e-01
   5.33499e-03            -3.76467e-03             6.08421e-01
   5.28470e-03            -4.15095e-03             6.08421e-01
   5.23488e-03            -4.53373e-03             6.08421e-01
   5.18552e-03            -4.91290e-03             6.08421e-01
   5.13665e-03            -5.28837e-03             6.08421e-01
   5.08304e-03            -5.66000e-03             6.08421e-01
   5.02532e-03            -6.02769e-03             6.08421e-01
   4.96822e-03            -6.39142e-03             6.08421e-01
   4.91176e-03            -6.75108e-03             6.08421e-01
   4.85596e-03            -7.10659e-03             6.08421e-01
   4.79096e-03            -7.45776e-03             6.08421e-01
   4.72642e-03            -7.80460e-03             6.08421e-01
   4.66270e-03            -8.14703e-03             6.08421e-01
   4.59981e-03            -8.48497e-03             6.08421e-01
   4.53334e-03            -8.81829e-03             6.08421e-01
   4.46144e-03            -9.14688e-03             6.08421e-01
   4.39058e-03            -9.47073e-03             6.08421e-01
   4.32077e-03            -9.78976e-03             6.08421e-01
   4.25203e-03            -1.01039e-02             6.08421e-01
   4.17477e-03            -1.04130e-02             6.08421e-01
   4.09725e-03            -1.07169e-02             6.08421e-01
   4.02104e-03            -1.10158e-02             6.08421e-01
   3.94615e-03            -1.13095e-02             6.08421e-01
   3.86875e-03            -1.15979e-02             6.08421e-01
   3.78477e-03            -1.18808e-02             6.08421e-01
   3.70239e-03            -1.21583e-02             6.08421e-01
   3.62164e-03            -1.24304e-02             6.08421e-01
   3.54253e-03            -1.26969e-02             6.08421e-01
   3.45498e-03            -1.29577e-02             6.08421e-01
   3.36679e-03            -1.32127e-02             6.08421e-01
   3.28058e-03            -1.34621e-02             6.08421e-01
   3.19638e-03            -1.37057e-02             6.08421e-01
   3.11035e-03            -1.39433e-02             6.08421e-01
   3.01697e-03            -1.41750e-02             6.08421e-01
   2.92600e-03            -1.44006e-02             6.08421e-01
   2.83745e-03            -1.46203e-02             6.08421e-01
   2.75135e-03            -1.48339e-02             6.08421e-01
   2.65529e-03            -1.50412e-02             6.08421e-01
   2.55887e-03            -1.52423e-02             6.08421e-01
   2.46543e-03            -1.54372e-02             6.08421e-01
   2.37501e-03            -1.56258e-02             6.08421e-01
   2.28180e-03            -1.58080e-02             6.08421e-01
   2.18035e-03            -1.59837e-02             6.08421e-01
   2.08259e-03            -1.61530e-02             6.08421e-01
   1.98855e-03            -1.63159e-02             6.08421e-01
   1.89826e-03            -1.64723e-02             6.08421e-01
   1.79476e-03            -1.66220e-02             6.08421e-01
   1.69381e-03            -1.67651e-02             6.08421e-01
   1.59751e-03            -1.69017e-02             6.08421e-01
   1.50587e-03            -1.70316e-02             6.08421e-01
   1.40715e-03            -1.71547e-02             6.08421e-01
   1.30174e-03            -1.72711e-02             6.08421e-01
   1.20239e-03            -1.73807e-02             6.08421e-01
   1.10913e-03            -1.74836e-02             6.08421e-01
   1.01817e-03            -1.75797e-02             6.08421e-01
   9.08913e-04            -1.76688e-02             6.08421e-01
   8.07955e-04            -1.77511e-02             6.08421e-01
   7.15321e-04            -1.78267e-02             6.08421e-01
   6.31036e-04            -1.78954e-02             6.08421e-01
   5.25303e-04            -1.79569e-02             6.08421e-01
   4.22209e-04            -1.80116e-02             6.08421e-01
   3.31945e-04            -1.80594e-02             6.08421e-01
   2.54535e-04            -1.81005e-02             6.08421e-01
   1.54517e-04            -1.81343e-02             6.08421e-01
   3.19712e-05            -1.81609e-02             6.08421e-01
  -5.99644e-05            -1.81808e-02             6.08421e-01
  -1.21267e-04            -1.81941e-02             6.08421e-01
  -1.51923e-04            -1.82008e-02             6.08421e-01
  -2.20805e-04            -1.81930e-02             6.08421e-01
  -3.58553e-04            -1.81775e-02             6.08421e-01
  -4.81395e-04            -1.81551e-02             6.08421e-01
  -5.13895e-04            -1.81268e-02             6.08421e-01
  -5.54505e-04            -1.80914e-02             6.08421e-01
  -6.03215e-04            -1.80489e-02             6.08421e-01
  -6.60013e-04            -1.79994e-02             6.08421e-01
  -7.01276e-04            -1.79431e-02             6.08421e-01
  -7.24418e-04            -1.78801e-02             6.08421e-01
  -7.50111e-04            -1.78101e-02             6.08421e-01
  -7.78349e-04            -1.77333e-02             6.08421e-01
  -8.09124e-04            -1.76495e-02             6.08421e-01
  -8.37844e-04            -1.75588e-02             6.08421e-01
  -8.55599e-04            -1.74615e-02             6.08421e-01
  -8.74600e-04            -1.73573e-02             6.08421e-01
  -8.94841e-04            -1.72463e-02             6.08421e-01
  -9.16318e-04            -1.71285e-02             6.08421e-01
  -9.38425e-04            -1.70040e-02             6.08421e-01
  -9.48239e-04            -1.68730e-02             6.08421e-01
  -9.58553e-04            -1.67352e-02             6.08421e-01
  -9.69365e-04            -1.65909e-02             6.08421e-01
  -9.80671e-04            -1.64399e-02             6.08421e-01
  -9.92469e-04            -1.62823e-02             6.08421e-01
  -9.95176e-04            -1.61183e-02             6.08421e-01
  -9.96370e-04            -1.59479e-02             6.08421e-01
  -9.97609e-04            -1.57710e-02             6.08421e-01
  -9.98893e-04            -1.55877e-02             6.08421e-01
  -1.00022e-03            -1.53981e-02             6.08421e-01
  -9.96830e-04            -1.52022e-02             6.08421e-01
  -9.90639e-04            -1.50001e-02             6.08421e-01
  -9.84258e-04            -1.47918e-02             6.08421e-01
  -9.77688e-04            -1.45773e-02             6.08421e-01
  -9.70932e-04            -1.43567e-02             6.08421e-01
  -9.62154e-04            -1.41301e-02             6.08421e-01
  -9.50028e-04            -1.38975e-02             6.08421e-01
  -9.37593e-04            -1.36590e-02             6.08421e-01
  -9.24851e-04            -1.34147e-02             6.08421e-01
  -9.11806e-04            -1.31645e-02             6.08421e-01
  -8.98289e-04            -1.29086e-02             6.08421e-01
  -8.81910e-04            -1.26470e-02             6.08421e-01
  -8.65179e-04            -1.23798e-02             6.08421e-01
  -8.48100e-04            -1.21070e-02             6.08421e-01
  -8.30678e-04            -1.18287e-02             6.08421e-01
  -8.12916e-04            -1.15451e-02             6.08421e-01
  -7.93566e-04            -1.12561e-02             6.08421e-01
  -7.73392e-04            -1.09618e-02             6.08421e-01
  -7.52861e-04            -1.06623e-02             6.08421e-01
  -7.31978e-04            -1.03576e-02             6.08421e-01
  -7.10748e-04            -1.00479e-02             6.08421e-01
  -6.88851e-04            -9.73328e-03             6.08421e-01
  -6.66078e-04            -9.41371e-03             6.08421e-01
  -6.42960e-04            -9.08932e-03             6.08421e-01
  -6.19505e-04            -8.76019e-03             6.08421e-01
  -5.95717e-04            -8.42639e-03             6.08421e-01
  -5.71596e-04            -8.08801e-03             6.08421e-01
  -5.46843e-04            -7.74514e-03             6.08421e-01
  -5.21771e-04            -7.39785e-03             6.08421e-01
  -4.96387e-04            -7.04624e-03             6.08421e-01
  -4.70696e-04            -6.69039e-03             6.08421e-01
  -4.44706e-04            -6.33038e-03             6.08421e-01
  -4.18468e-04            -5.96631e-03             6.08421e-01
  -3.91966e-04            -5.59827e-03             6.08421e-01
  -3.65184e-04            -5.22634e-03             6.08421e-01
  -3.38130e-04            -4.85062e-03             6.08421e-01
  -3.10809e-04            -4.47120e-03             6.08421e-01
  -2.83406e-04            -4.08817e-03             6.08421e-01
  -2.56195e-04            -3.70163e-03             6.08421e-01
  -2.28743e-04            -3.31167e-03             6.08421e-01
  -2.01057e-04            -2.91839e-03             6.08421e-01
  -1.73144e-04            -2.52189e-03             6.08421e-01
  -1.45012e-04            -2.12227e-03             6.08421e-01
  -1.17442e-04            -1.71961e-03             6.08421e-01
  -8.97439e-05            -1.31403e-03             6.08421e-01
  -6.18528e-05            -9.05614e-04             6.08421e-01
  -3.37755e-05            -4.94476e-04             6.08421e-01
  -5.51899e-06            -8.07147e-05             6.08421e-01
   2.25043e-05             3.35574e-04             6.08421e-01
   5.03473e-05             7.54286e-04             6.08421e-01
   7.83444e-05             1.17531e-03             6.08421e-01
   1.06489e-04             1.59855e-03             6.08421e-01
   1.34773e-04             2.02390e-03             6.08421e-01
   1.63045e-04             2.45125e-03             6.08421e-01
   1.90725e-04             2.88051e-03             6.08421e-01
   2.18521e-04             3.31156e-03             6.08421e-01
   2.46425e-04             3.74430e-03             6.08421e-01
   2.74431e-04             4.17861e-03             6.08421e-01
   3.02532e-04             4.61440e-03             6.08421e-01
   3.30493e-04             5.05155e-03             6.08421e-01
   3.58477e-04             5.48995e-03             6.08421e-01
   3.86534e-04             5.92951e-03             6.08421e-01
   4.14657e-04             6.37010e-03             6.08421e-01
   4.42840e-04             6.81163e-03             6.08421e-01
   4.71196e-04             7.25397e-03             6.08421e-01
   4.99759e-04             7.69703e-03             6.08421e-01
   5.28361e-04             8.14069e-03             6.08421e-01
   5.56996e-04             8.58484e-03             6.08421e-01
   5.85655e-04             9.02938e-03             6.08421e-01
   6.14323e-04             9.47419e-03             6.08421e-01
   6.42843e-04             9.91917e-03             6.08421e-01
   6.71367e-04             1.03642e-02             6.08421e-01
   6.99887e-04             1.08092e-02             6.08421e-01
   7.28396e-04             1.12540e-02             6.08421e-01
   7.56888e-04             1.16985e-02             6.08421e-01
   7.84371e-04             1.21427e-02             6.08421e-01
   8.11275e-04             1.25864e-02             6.08421e-01
   8.38142e-04             1.30295e-02             6.08421e-01
   8.64967e-04             1.34718e-02             6.08421e-01
   8.91741e-04             1.39134e-02             6.08421e-01
   9.17821e-04             1.43540e-02             6.08421e-01
   9.41144e-04             1.47936e-02             6.08421e-01
   9.64407e-04             1.52320e-02             6.08421e-01
   9.87602e-04             1.56693e-02             6.08421e-01
   1.01073e-03             1.61051e-02             6.08421e-01
   1.03377e-03             1.65395e-02             6.08421e-01
   1.05361e-03             1.69723e-02             6.08421e-01
   1.07199e-03             1.74034e-02             6.08421e-01
   1.09030e-03             1.78328e-02             6.08421e-01
   1.10852e-03             1.82603e-02             6.08421e-01
   1.12666e-03             1.86857e-02             6.08421e-01
   1.14401e-03             1.91091e-02             6.08421e-01
   1.15764e-03             1.95303e-02             6.08421e-01
   1.17119e-03             1.99492e-02             6.08421e-01
   1.18466e-03             2.03656e-02             6.08421e-01
   1.19806e-03             2.07795e-02             6.08421e-01
   1.21137e-03             2.11908e-02             6.08421e-01
   1.22183e-03             2.15995e-02             6.08421e-01
   1.23042e-03             2.20053e-02             6.08421e-01
   1.23894e-03             2.24081e-02             6.08421e-01
   1.24740e-03             2.28080e-02             6.08421e-01
   1.25579e-03             2.32047e-02             6.08421e-01
   1.26405e-03             2.35982e-02             6.08421e-01
   1.26752e-03             2.39884e-02             6.08421e-01
   1.27096e-03             2.43752e-02             6.08421e-01
   1.27437e-03             2.47585e-02             6.08421e-01
   1.27775e-03             2.51382e-02             6.08421e-01
   1.28109e-03             2.55142e-02             6.08421e-01
   1.28246e-03             2.58864e-02             6.08421e-01
   1.28086e-03             2.62548e-02             6.08421e-01
   1.27928e-03             2.66192e-02             6.08421e-01
   1.27772e-03             2.69795e-02             6.08421e-01
   1.27618e-03             2.73356e-02             6.08421e-01
   1.27466e-03             2.76876e-02             6.08421e-01
   1.26922e-03             2.80352e-02             6.08421e-01
   1.26257e-03             2.83784e-02             6.08421e-01
   1.25601e-03             2.87171e-02             6.08421e-01
   1.24953e-03             2.90513e-02             6.08421e-01
   1.24315e-03             2.93807e-02             6.08421e-01
   1.23644e-03             2.97055e-02             6.08421e-01
   1.22508e-03             3.00254e-02             6.08421e-01
   1.21390e-03             3.03405e-02             6.08421e-01
   1.20290e-03             3.06505e-02             6.08421e-01
   1.19207e-03             3.09555e-02             6.08421e-01
   1.18143e-03             3.12554e-02             6.08421e-01
   1.16895e-03             3.15500e-02             6.08421e-01
   1.15348e-03             3.18394e-02             6.08421e-01
   1.13830e-03             3.21235e-02             6.08421e-01
   1.12340e-03             3.24021e-02             6.08421e-01
   1.10880e-03             3.26752e-02             6.08421e-01
   1.09450e-03             3.29428e-02             6.08421e-01
   1.07721e-03             3.32047e-02             6.08421e-01
   1.05864e-03             3.34610e-02             6.08421e-01
   1.04049e-03             3.37116e-02             6.08421e-01
   1.02276e-03             3.39563e-02             6.08421e-01
   1.00545e-03             3.41951e-02             6.08421e-01
   9.88579e-04             3.44280e-02             6.08421e-01
   9.67553e-04             3.46549e-02             6.08421e-01
   9.46677e-04             3.48758e-02             6.08421e-01
   9.26378e-04             3.50906e-02             6.08421e-01
   9.06662e-04             3.52992e-02             6.08421e-01
   8.87534e-04             3.55016e-02             6.08421e-01
   8.68242e-04             3.56978e-02             6.08421e-01
   8.45277e-04             3.58877e-02             6.08421e-01
   8.23082e-04             3.60712e-02             6.08421e-01
   8.01661e-04             3.62483e-02             6.08421e-01
   7.81020e-04             3.64190e-02             6.08421e-01
   7.61165e-04             3.65831e-02             6.08421e-01
   7.40352e-04             3.67408e-02             6.08421e-01
   7.17290e-04             3.68919e-02             6.08421e-01
   6.95237e-04             3.70364e-02             6.08421e-01
   6.74199e-04             3.71743e-02             6.08421e-01
   6.54180e-04             3.73054e-02             6.08421e-01
   6.35186e-04             3.74299e-02             6.08421e-01
   6.15372e-04             3.75476e-02             6.08421e-01
   5.95342e-04             3.76586e-02             6.08421e-01
   5.76540e-04             3.77628e-02             6.08421e-01
   5.58970e-04             3.78602e-02             6.08421e-01
   5.42637e-04             3.79507e-02             6.08421e-01
   5.27545e-04             3.80343e-02             6.08421e-01
   5.12515e-04             3.81110e-02             6.08421e-01
   4.98642e-04             3.81808e-02             6.08421e-01
   4.86146e-04             3.82437e-02             6.08421e-01
   4.75031e-04             3.82997e-02             6.08421e-01
   4.65299e-04             3.83487e-02             6.08421e-01
   4.56830e-04             3.83907e-02             6.08421e-01
   4.49244e-04             3.84257e-02             6.08421e-01
   4.43172e-04             3.84537e-02             6.08421e-01
   4.38617e-04             3.84747e-02             6.08421e-01
   4.35580e-04             3.84888e-02             6.08421e-01
   4.34061e-04             3.84958e-02             6.08421e-01