2.99228e-03             5.37879e-02             4.26842e-01
   2.99515e-03             5.37779e-02             4.26842e-01
   3.00089e-03             5.37580e-02             4.26842e-01
   3.00949e-03             5.37281e-02             4.26842e-01
   3.02096e-03             5.36883e-02             4.26842e-01
   3.03529e-03             5.36386e-02             4.26842e-01
   3.05428e-03             5.35788e-02             4.26842e-01
   3.07655e-03             5.35090e-02             4.26842e-01
   3.10198e-03             5.34294e-02             4.26842e-01
   3.13057e-03             5.33399e-02             4.26842e-01
   3.16231e-03             5.32405e-02             4.26842e-01
   3.19860e-03             5.31312e-02             4.26842e-01
   3.23903e-03             5.30120e-02             4.26842e-01
   3.28278e-03             5.28830e-02             4.26842e-01
   3.32984e-03             5.27442e-02             4.26842e-01
   3.38021e-03             5.25957e-02             4.26842e-01
   3.43378e-03             5.24375e-02             4.26842e-01
   3.49056e-03             5.22697e-02             4.26842e-01
   3.55059e-03             5.20922e-02             4.26842e-01
   3.61385e-03             5.19052e-02             4.26842e-01
   3.68034e-03             5.17086e-02             4.26842e-01
   3.74696e-03             5.15027e-02             4.26842e-01
   3.81490e-03             5.12875e-02             4.26842e-01
   3.88579e-03             5.10630e-02             4.26842e-01
   3.95962e-03             5.08291e-02             4.26842e-01
   4.03638e-03             5.05860e-02             4.26842e-01
   4.10823e-03             5.03342e-02             4.26842e-01
   4.18160e-03             5.00732e-02             4.26842e-01
   4.25752e-03             4.98033e-02             4.26842e-01
   4.33596e-03             4.95244e-02             4.26842e-01
   4.41534e-03             4.92366e-02             4.26842e-01
   4.48861e-03             4.89405e-02             4.26842e-01
   4.56405e-03             4.86356e-02             4.26842e-01
   4.64163e-03             4.83221e-02             4.26842e-01
   4.72134e-03             4.79999e-02             4.26842e-01
   4.80008e-03             4.76695e-02             4.26842e-01
   4.87638e-03             4.73308e-02             4.26842e-01
   4.95455e-03             4.69838e-02             4.26842e-01
   5.03458e-03             4.66285e-02             4.26842e-01
   5.11645e-03             4.62651e-02             4.26842e-01
   5.19650e-03             4.58938e-02             4.26842e-01
   5.27619e-03             4.55146e-02             4.26842e-01
   5.35754e-03             4.51276e-02             4.26842e-01
   5.44052e-03             4.47328e-02             4.26842e-01
   5.52512e-03             4.43302e-02             4.26842e-01
   5.60638e-03             4.39204e-02             4.26842e-01
   5.68836e-03             4.35031e-02             4.26842e-01
   5.77178e-03             4.30784e-02             4.26842e-01
   5.85664e-03             4.26464e-02             4.26842e-01
   5.94233e-03             4.22074e-02             4.26842e-01
   6.02423e-03             4.17615e-02             4.26842e-01
   6.10741e-03             4.13087e-02             4.26842e-01
   6.19184e-03             4.08490e-02             4.26842e-01
   6.27750e-03             4.03826e-02             4.26842e-01
   6.36227e-03             3.99097e-02             4.26842e-01
   6.44428e-03             3.94306e-02             4.26842e-01
   6.52739e-03             3.89451e-02             4.26842e-01
   6.61156e-03             3.84533e-02             4.26842e-01
   6.69678e-03             3.79554e-02             4.26842e-01
   6.77899e-03             3.74518e-02             4.26842e-01
   6.85974e-03             3.69424e-02             4.26842e-01
   6.94140e-03             3.64272e-02             4.26842e-01
   7.02396e-03             3.59064e-02             4.26842e-01
   7.10738e-03             3.53801e-02             4.26842e-01
   7.18468e-03             3.48489e-02             4.26842e-01
   7.26217e-03             3.43124e-02             4.26842e-01
   7.34041e-03             3.37709e-02             4.26842e-01
   7.41935e-03             3.32244e-02             4.26842e-01
   7.49669e-03             3.26731e-02             4.26842e-01
   7.56797e-03             3.21176e-02             4.26842e-01
   7.63982e-03             3.15575e-02             4.26842e-01
   7.71225e-03             3.09930e-02             4.26842e-01
   7.78522e-03             3.04242e-02             4.26842e-01
   7.85141e-03             2.98517e-02             4.26842e-01
   7.91364e-03             2.92755e-02             4.26842e-01
   7.97629e-03             2.86954e-02             4.26842e-01
   8.03934e-03             2.81116e-02             4.26842e-01
   8.10258e-03             2.75243e-02             4.26842e-01
   8.15415e-03             2.69342e-02             4.26842e-01
   8.20601e-03             2.63408e-02             4.26842e-01
   8.25814e-03             2.57444e-02             4.26842e-01
   8.31053e-03             2.51449e-02             4.26842e-01
   8.35794e-03             2.45429e-02             4.26842e-01
   8.39826e-03             2.39387e-02             4.26842e-01
   8.43874e-03             2.33319e-02             4.26842e-01
   8.47939e-03             2.27228e-02             4.26842e-01
   8.52018e-03             2.21115e-02             4.26842e-01
   8.55052e-03             2.14986e-02             4.26842e-01
   8.57880e-03             2.08840e-02             4.26842e-01
   8.60717e-03             2.02676e-02             4.26842e-01
   8.63562e-03             1.96496e-02             4.26842e-01
   8.66092e-03             1.90303e-02             4.26842e-01
   8.67678e-03             1.84102e-02             4.26842e-01
   8.69267e-03             1.77890e-02             4.26842e-01
   8.70859e-03             1.71667e-02             4.26842e-01
   8.72453e-03             1.65437e-02             4.26842e-01
   8.73176e-03             1.59204e-02             4.26842e-01
   8.73474e-03             1.52968e-02             4.26842e-01
   8.73772e-03             1.46728e-02             4.26842e-01
   8.74070e-03             1.40486e-02             4.26842e-01
   8.74242e-03             1.34244e-02             4.26842e-01
   8.73243e-03             1.28009e-02             4.26842e-01
   8.72243e-03             1.21777e-02             4.26842e-01
   8.71245e-03             1.15548e-02             4.26842e-01
   8.70247e-03             1.09325e-02             4.26842e-01
   8.68586e-03             1.03112e-02             4.26842e-01
   8.66320e-03             9.69113e-03             4.26842e-01
   8.64058e-03             9.07205e-03             4.26842e-01
   8.61801e-03             8.45411e-03             4.26842e-01
   8.59548e-03             7.83747e-03             4.26842e-01
   8.56040e-03             7.22299e-03             4.26842e-01
   8.52474e-03             6.61016e-03             4.26842e-01
   8.48918e-03             5.99907e-03             4.26842e-01
   8.45373e-03             5.38990e-03             4.26842e-01
   8.41340e-03             4.78306e-03             4.26842e-01
   8.36493e-03             4.17889e-03             4.26842e-01
   8.31665e-03             3.57706e-03             4.26842e-01
   8.26857e-03             2.97774e-03             4.26842e-01
   8.22071e-03             2.38107e-03             4.26842e-01
   8.16253e-03             1.78779e-03             4.26842e-01
   8.10208e-03             1.19758e-03             4.26842e-01
   8.04195e-03             6.10460e-04             4.26842e-01
   7.98215e-03             2.65691e-05             4.26842e-01
   7.91961e-03            -5.53776e-04             4.26842e-01
   7.84733e-03            -1.13004e-03             4.26842e-01
   7.77551e-03            -1.70265e-03             4.26842e-01
   7.70417e-03            -2.27147e-03             4.26842e-01
   7.63332e-03            -2.83635e-03             4.26842e-01
   7.55417e-03            -3.39666e-03             4.26842e-01
   7.47113e-03            -3.95251e-03             4.26842e-01
   7.38874e-03            -4.50402e-03             4.26842e-01
   7.30702e-03            -5.05104e-03             4.26842e-01
   7.22470e-03            -5.59338e-03             4.26842e-01
   7.13048e-03            -6.13026e-03             4.26842e-01
   7.03710e-03            -6.66227e-03             4.26842e-01
   6.94461e-03            -7.18927e-03             4.26842e-01
   6.85302e-03            -7.71113e-03             4.26842e-01
   6.75505e-03            -8.22732e-03             4.26842e-01
   6.65158e-03            -8.73776e-03             4.26842e-01
   6.54922e-03            -9.24269e-03             4.26842e-01
   6.44801e-03            -9.74197e-03             4.26842e-01
   6.34796e-03            -1.02355e-02             4.26842e-01
   6.23534e-03            -1.07224e-02             4.26842e-01
   6.12362e-03            -1.12032e-02             4.26842e-01
   6.01332e-03            -1.16780e-02             4.26842e-01
   5.90447e-03            -1.21465e-02             4.26842e-01
   5.79089e-03            -1.26084e-02             4.26842e-01
   5.67001e-03            -1.30633e-02             4.26842e-01
   5.55088e-03            -1.35116e-02             4.26842e-01
   5.43353e-03            -1.39532e-02             4.26842e-01
   5.31797e-03            -1.43881e-02             4.26842e-01
   5.19081e-03            -1.48154e-02             4.26842e-01
   5.06361e-03            -1.52356e-02             4.26842e-01
   4.93855e-03            -1.56486e-02             4.26842e-01
   4.81567e-03            -1.60545e-02             4.26842e-01
   4.68960e-03            -1.64528e-02             4.26842e-01
   4.55466e-03            -1.68432e-02             4.26842e-01
   4.42230e-03            -1.72260e-02             4.26842e-01
   4.29255e-03            -1.76013e-02             4.26842e-01
   4.16545e-03            -1.79690e-02             4.26842e-01
   4.02691e-03            -1.83281e-02             4.26842e-01
   3.88781e-03            -1.86793e-02             4.26842e-01
   3.75185e-03            -1.90225e-02             4.26842e-01
   3.61904e-03            -1.93578e-02             4.26842e-01
   3.48406e-03            -1.96847e-02             4.26842e-01
   3.33916e-03            -2.00027e-02             4.26842e-01
   3.19800e-03            -2.03126e-02             4.26842e-01
   3.06060e-03            -2.06141e-02             4.26842e-01
   2.92701e-03            -2.09074e-02             4.26842e-01
   2.77987e-03            -2.11912e-02             4.26842e-01
   2.63262e-03            -2.14664e-02             4.26842e-01
   2.48993e-03            -2.17330e-02             4.26842e-01
   2.35183e-03            -2.19911e-02             4.26842e-01
   2.21024e-03            -2.22400e-02             4.26842e-01
   2.05753e-03            -2.24794e-02             4.26842e-01
   1.91038e-03            -2.27100e-02             4.26842e-01
   1.76882e-03            -2.29319e-02             4.26842e-01
   1.63290e-03            -2.31450e-02             4.26842e-01
   1.47894e-03            -2.33478e-02             4.26842e-01
   1.32895e-03            -2.35416e-02             4.26842e-01
   1.18587e-03            -2.37265e-02             4.26842e-01
   1.04971e-03            -2.39025e-02             4.26842e-01
   9.04076e-04            -2.40685e-02             4.26842e-01
   7.49508e-04            -2.42246e-02             4.26842e-01
   6.03833e-04            -2.43717e-02             4.26842e-01
   4.67088e-04            -2.45098e-02             4.26842e-01
   3.33972e-04            -2.46385e-02             4.26842e-01
   1.75713e-04            -2.47563e-02             4.26842e-01
   2.94784e-05            -2.48651e-02             4.26842e-01
  -1.04698e-04            -2.49649e-02             4.26842e-01
  -2.26781e-04            -2.50558e-02             4.26842e-01
  -3.78405e-04            -2.51353e-02             4.26842e-01
  -5.25911e-04            -2.52053e-02             4.26842e-01
  -6.55059e-04            -2.52666e-02             4.26842e-01
  -7.65817e-04            -2.53192e-02             4.26842e-01
  -9.07732e-04            -2.53602e-02             4.26842e-01
  -1.08069e-03            -2.53898e-02             4.26842e-01
  -1.21045e-03            -2.54120e-02             4.26842e-01
  -1.29697e-03            -2.54268e-02             4.26842e-01
  -1.34024e-03            -2.54342e-02             4.26842e-01
  -1.43605e-03            -2.54190e-02             4.26842e-01
  -1.62765e-03            -2.53888e-02             4.26842e-01
  -1.79799e-03            -2.53499e-02             4.26842e-01
  -1.84167e-03            -2.53083e-02             4.26842e-01
  -1.89624e-03            -2.52563e-02             4.26842e-01
  -1.96170e-03            -2.51939e-02             4.26842e-01
  -2.03804e-03            -2.51212e-02             4.26842e-01
  -2.09223e-03            -2.50399e-02             4.26842e-01
  -2.12068e-03            -2.49504e-02             4.26842e-01
  -2.15226e-03            -2.48510e-02             4.26842e-01
  -2.18697e-03            -2.47418e-02             4.26842e-01
  -2.22480e-03            -2.46227e-02             4.26842e-01
  -2.25933e-03            -2.44943e-02             4.26842e-01
  -2.27812e-03            -2.43571e-02             4.26842e-01
  -2.29823e-03            -2.42103e-02             4.26842e-01
  -2.31964e-03            -2.40538e-02             4.26842e-01
  -2.34237e-03            -2.38879e-02             4.26842e-01
  -2.36556e-03            -2.37125e-02             4.26842e-01
  -2.37116e-03            -2.35287e-02             4.26842e-01
  -2.37704e-03            -2.33355e-02             4.26842e-01
  -2.38321e-03            -2.31330e-02             4.26842e-01
  -2.38966e-03            -2.29212e-02             4.26842e-01
  -2.39639e-03            -2.27002e-02             4.26842e-01
  -2.39001e-03            -2.24708e-02             4.26842e-01
  -2.38112e-03            -2.22325e-02             4.26842e-01
  -2.37189e-03            -2.19851e-02             4.26842e-01
  -2.36233e-03            -2.17288e-02             4.26842e-01
  -2.35243e-03            -2.14636e-02             4.26842e-01
  -2.33555e-03            -2.11900e-02             4.26842e-01
  -2.31437e-03            -2.09078e-02             4.26842e-01
  -2.29254e-03            -2.06170e-02             4.26842e-01
  -2.27007e-03            -2.03176e-02             4.26842e-01
  -2.24695e-03            -2.00097e-02             4.26842e-01
  -2.22064e-03            -1.96934e-02             4.26842e-01
  -2.18928e-03            -1.93691e-02             4.26842e-01
  -2.15712e-03            -1.90364e-02             4.26842e-01
  -2.12416e-03            -1.86956e-02             4.26842e-01
  -2.09042e-03            -1.83467e-02             4.26842e-01
  -2.05567e-03            -1.79898e-02             4.26842e-01
  -2.01656e-03            -1.76251e-02             4.26842e-01
  -1.97661e-03            -1.72526e-02             4.26842e-01
  -1.93583e-03            -1.68723e-02             4.26842e-01
  -1.89424e-03            -1.64844e-02             4.26842e-01
  -1.85183e-03            -1.60889e-02             4.26842e-01
  -1.80687e-03            -1.56861e-02             4.26842e-01
  -1.76043e-03            -1.52760e-02             4.26842e-01
  -1.71317e-03            -1.48586e-02             4.26842e-01
  -1.66510e-03            -1.44340e-02             4.26842e-01
  -1.61623e-03            -1.40024e-02             4.26842e-01
  -1.56612e-03            -1.35639e-02             4.26842e-01
  -1.51448e-03            -1.31185e-02             4.26842e-01
  -1.46206e-03            -1.26665e-02             4.26842e-01
  -1.40888e-03            -1.22078e-02             4.26842e-01
  -1.35494e-03            -1.17427e-02             4.26842e-01
  -1.30025e-03            -1.12711e-02             4.26842e-01
  -1.24440e-03            -1.07934e-02             4.26842e-01
  -1.18783e-03            -1.03094e-02             4.26842e-01
  -1.13056e-03            -9.81947e-03             4.26842e-01
  -1.07259e-03            -9.32360e-03             4.26842e-01
  -1.01395e-03            -8.82194e-03             4.26842e-01
  -9.54710e-04            -8.31461e-03             4.26842e-01
  -8.94855e-04            -7.80175e-03             4.26842e-01
  -8.34369e-04            -7.28348e-03             4.26842e-01
  -7.73266e-04            -6.75992e-03             4.26842e-01
  -7.11562e-04            -6.23121e-03             4.26842e-01
  -6.49519e-04            -5.69746e-03             4.26842e-01
  -5.87525e-04            -5.15878e-03             4.26842e-01
  -5.24984e-04            -4.61534e-03             4.26842e-01
  -4.61911e-04            -4.06728e-03             4.26842e-01
  -3.98321e-04            -3.51473e-03             4.26842e-01
  -3.34230e-04            -2.95782e-03             4.26842e-01
  -2.70737e-04            -2.39664e-03             4.26842e-01
  -2.06884e-04            -1.83137e-03             4.26842e-01
  -1.42585e-04            -1.26216e-03             4.26842e-01
  -7.78576e-05            -6.89156e-04             4.26842e-01
  -1.27169e-05            -1.12492e-04             4.26842e-01
   5.22544e-05             4.67718e-04             4.26842e-01
   1.17124e-04             1.05133e-03             4.26842e-01
   1.82352e-04             1.63816e-03             4.26842e-01
   2.47923e-04             2.22808e-03             4.26842e-01
   3.13820e-04             2.82094e-03             4.26842e-01
   3.79825e-04             3.41660e-03             4.26842e-01
   4.45120e-04             4.01497e-03             4.26842e-01
   5.10688e-04             4.61583e-03             4.26842e-01
   5.76512e-04             5.21903e-03             4.26842e-01
   6.42577e-04             5.82444e-03             4.26842e-01
   7.08865e-04             6.43190e-03             4.26842e-01
   7.75041e-04             7.04128e-03             4.26842e-01
   8.41328e-04             7.65241e-03             4.26842e-01
   9.07788e-04             8.26515e-03             4.26842e-01
   9.74405e-04             8.87933e-03             4.26842e-01
   1.04116e-03             9.49481e-03             4.26842e-01
   1.10821e-03             1.01114e-02             4.26842e-01
   1.17560e-03             1.07290e-02             4.26842e-01
   1.24308e-03             1.13475e-02             4.26842e-01
   1.31063e-03             1.19666e-02             4.26842e-01
   1.37824e-03             1.25862e-02             4.26842e-01
   1.44588e-03             1.32063e-02             4.26842e-01
   1.51332e-03             1.38266e-02             4.26842e-01
   1.58077e-03             1.44469e-02             4.26842e-01
   1.64822e-03             1.50672e-02             4.26842e-01
   1.71564e-03             1.56873e-02             4.26842e-01
   1.78301e-03             1.63070e-02             4.26842e-01
   1.84896e-03             1.69262e-02             4.26842e-01
   1.91406e-03             1.75447e-02             4.26842e-01
   1.97908e-03             1.81625e-02             4.26842e-01
   2.04399e-03             1.87792e-02             4.26842e-01
   2.10878e-03             1.93948e-02             4.26842e-01
   2.17254e-03             2.00091e-02             4.26842e-01
   2.23238e-03             2.06222e-02             4.26842e-01
   2.29207e-03             2.12337e-02             4.26842e-01
   2.35159e-03             2.18435e-02             4.26842e-01
   2.41093e-03             2.24513e-02             4.26842e-01
   2.47006e-03             2.30571e-02             4.26842e-01
   2.52461e-03             2.36610e-02             4.26842e-01
   2.57703e-03             2.42625e-02             4.26842e-01
   2.62922e-03             2.48616e-02             4.26842e-01
   2.68119e-03             2.54581e-02             4.26842e-01
   2.73292e-03             2.60517e-02             4.26842e-01
   2.78340e-03             2.66425e-02             4.26842e-01
   2.82855e-03             2.72304e-02             4.26842e-01
   2.87345e-03             2.78152e-02             4.26842e-01
   2.91810e-03             2.83965e-02             4.26842e-01
   2.96247e-03             2.89743e-02             4.26842e-01
   3.00656e-03             2.95485e-02             4.26842e-01
   3.04651e-03             3.01190e-02             4.26842e-01
   3.08366e-03             3.06858e-02             4.26842e-01
   3.12054e-03             3.12485e-02             4.26842e-01
   3.15714e-03             3.18069e-02             4.26842e-01
   3.19345e-03             3.23610e-02             4.26842e-01
   3.22938e-03             3.29105e-02             4.26842e-01
   3.25842e-03             3.34558e-02             4.26842e-01
   3.28720e-03             3.39964e-02             4.26842e-01
   3.31572e-03             3.45320e-02             4.26842e-01
   3.34397e-03             3.50625e-02             4.26842e-01
   3.37194e-03             3.55879e-02             4.26842e-01
   3.39691e-03             3.61082e-02             4.26842e-01
   3.41751e-03             3.66232e-02             4.26842e-01
   3.43788e-03             3.71327e-02             4.26842e-01
   3.45803e-03             3.76365e-02             4.26842e-01
   3.47795e-03             3.81345e-02             4.26842e-01
   3.49762e-03             3.86266e-02             4.26842e-01
   3.51156e-03             3.91129e-02             4.26842e-01
   3.52354e-03             3.95931e-02             4.26842e-01
   3.53535e-03             4.00670e-02             4.26842e-01
   3.54701e-03             4.05345e-02             4.26842e-01
   3.55850e-03             4.09955e-02             4.26842e-01
   3.56925e-03             4.14499e-02             4.26842e-01
   3.57320e-03             4.18978e-02             4.26842e-01
   3.57709e-03             4.23389e-02             4.26842e-01
   3.58092e-03             4.27730e-02             4.26842e-01
   3.58468e-03             4.32001e-02             4.26842e-01
   3.58838e-03             4.36199e-02             4.26842e-01
   3.58920e-03             4.40326e-02             4.26842e-01
   3.58550e-03             4.44381e-02             4.26842e-01
   3.58188e-03             4.48362e-02             4.26842e-01
   3.57833e-03             4.52266e-02             4.26842e-01
   3.57484e-03             4.56093e-02             4.26842e-01
   3.57143e-03             4.59842e-02             4.26842e-01
   3.56349e-03             4.63515e-02             4.26842e-01
   3.55341e-03             4.67109e-02             4.26842e-01
   3.54356e-03             4.70623e-02             4.26842e-01
   3.53394e-03             4.74055e-02             4.26842e-01
   3.52455e-03             4.77404e-02             4.26842e-01
   3.51539e-03             4.80670e-02             4.26842e-01
   3.50006e-03             4.83856e-02             4.26842e-01
   3.48457e-03             4.86957e-02             4.26842e-01
   3.46950e-03             4.89972e-02             4.26842e-01
   3.45487e-03             4.92900e-02             4.26842e-01
   3.44067e-03             4.95742e-02             4.26842e-01
   3.42585e-03             4.98496e-02             4.26842e-01
   3.40552e-03             5.01164e-02             4.26842e-01
   3.38586e-03             5.03743e-02             4.26842e-01
   3.36689e-03             5.06233e-02             4.26842e-01
   3.34861e-03             5.08631e-02             4.26842e-01
   3.33103e-03             5.10939e-02             4.26842e-01
   3.31170e-03             5.13155e-02             4.26842e-01
   3.28883e-03             5.15282e-02             4.26842e-01
   3.26695e-03             5.17316e-02             4.26842e-01
   3.24609e-03             5.19256e-02             4.26842e-01
   3.22623e-03             5.21102e-02             4.26842e-01
   3.20739e-03             5.22854e-02             4.26842e-01
   3.18699e-03             5.24512e-02             4.26842e-01
   3.16586e-03             5.26076e-02             4.26842e-01
   3.14604e-03             5.27544e-02             4.26842e-01
   3.12751e-03             5.28916e-02             4.26842e-01
   3.11028e-03             5.30191e-02             4.26842e-01
   3.09437e-03             5.31370e-02             4.26842e-01
   3.07811e-03             5.32452e-02             4.26842e-01
   3.06304e-03             5.33436e-02             4.26842e-01
   3.04947e-03             5.34323e-02             4.26842e-01
   3.03740e-03             5.35112e-02             4.26842e-01
   3.02683e-03             5.35803e-02             4.26842e-01
   3.01760e-03             5.36395e-02             4.26842e-01
   3.00916e-03             5.36890e-02             4.26842e-01
   3.00241e-03             5.37285e-02             4.26842e-01
   2.99735e-03             5.37582e-02             4.26842e-01
   2.99397e-03             5.37780e-02             4.26842e-01
   2.99228e-03             5.37879e-02             4.26842e-01