1.38597e-02             8.63284e-02             2.45263e-01
   1.38626e-02             8.63119e-02             2.45263e-01
   1.38685e-02             8.62788e-02             2.45263e-01
   1.38774e-02             8.62291e-02             2.45263e-01
   1.38892e-02             8.61629e-02             2.45263e-01
   1.39040e-02             8.60801e-02             2.45263e-01
   1.39246e-02             8.59804e-02             2.45263e-01
   1.39489e-02             8.58641e-02             2.45263e-01
   1.39766e-02             8.57313e-02             2.45263e-01
   1.40077e-02             8.55820e-02             2.45263e-01
   1.40422e-02             8.54162e-02             2.45263e-01
   1.40825e-02             8.52336e-02             2.45263e-01
   1.41277e-02             8.50344e-02             2.45263e-01
   1.41767e-02             8.48188e-02             2.45263e-01
   1.42294e-02             8.45869e-02             2.45263e-01
   1.42858e-02             8.43387e-02             2.45263e-01
   1.43457e-02             8.40743e-02             2.45263e-01
   1.44092e-02             8.37939e-02             2.45263e-01
   1.44763e-02             8.34973e-02             2.45263e-01
   1.45470e-02             8.31848e-02             2.45263e-01
   1.46214e-02             8.28563e-02             2.45263e-01
   1.46943e-02             8.25128e-02             2.45263e-01
   1.47679e-02             8.21540e-02             2.45263e-01
   1.48446e-02             8.17796e-02             2.45263e-01
   1.49246e-02             8.13897e-02             2.45263e-01
   1.50077e-02             8.09843e-02             2.45263e-01
   1.50814e-02             8.05657e-02             2.45263e-01
   1.51560e-02             8.01322e-02             2.45263e-01
   1.52333e-02             7.96836e-02             2.45263e-01
   1.53131e-02             7.92202e-02             2.45263e-01
   1.53929e-02             7.87423e-02             2.45263e-01
   1.54615e-02             7.82520e-02             2.45263e-01
   1.55321e-02             7.77472e-02             2.45263e-01
   1.56047e-02             7.72280e-02             2.45263e-01
   1.56793e-02             7.66946e-02             2.45263e-01
   1.57509e-02             7.61479e-02             2.45263e-01
   1.58173e-02             7.55883e-02             2.45263e-01
   1.58852e-02             7.50150e-02             2.45263e-01
   1.59548e-02             7.44281e-02             2.45263e-01
   1.60259e-02             7.38277e-02             2.45263e-01
   1.60928e-02             7.32149e-02             2.45263e-01
   1.61578e-02             7.25894e-02             2.45263e-01
   1.62242e-02             7.19509e-02             2.45263e-01
   1.62918e-02             7.12996e-02             2.45263e-01
   1.63608e-02             7.06356e-02             2.45263e-01
   1.64232e-02             6.99603e-02             2.45263e-01
   1.64855e-02             6.92729e-02             2.45263e-01
   1.65489e-02             6.85733e-02             2.45263e-01
   1.66134e-02             6.78618e-02             2.45263e-01
   1.66780e-02             6.71385e-02             2.45263e-01
   1.67354e-02             6.64050e-02             2.45263e-01
   1.67936e-02             6.56601e-02             2.45263e-01
   1.68527e-02             6.49038e-02             2.45263e-01
   1.69127e-02             6.41366e-02             2.45263e-01
   1.69702e-02             6.33590e-02             2.45263e-01
   1.70222e-02             6.25717e-02             2.45263e-01
   1.70748e-02             6.17740e-02             2.45263e-01
   1.71282e-02             6.09660e-02             2.45263e-01
   1.71822e-02             6.01480e-02             2.45263e-01
   1.72303e-02             5.93211e-02             2.45263e-01
   1.72752e-02             5.84852e-02             2.45263e-01
   1.73205e-02             5.76398e-02             2.45263e-01
   1.73664e-02             5.67853e-02             2.45263e-01
   1.74127e-02             5.59217e-02             2.45263e-01
   1.74483e-02             5.50511e-02             2.45263e-01
   1.74833e-02             5.41721e-02             2.45263e-01
   1.75187e-02             5.32847e-02             2.45263e-01
   1.75544e-02             5.23892e-02             2.45263e-01
   1.75867e-02             5.14864e-02             2.45263e-01
   1.76086e-02             5.05776e-02             2.45263e-01
   1.76305e-02             4.96614e-02             2.45263e-01
   1.76527e-02             4.87379e-02             2.45263e-01
   1.76750e-02             4.78075e-02             2.45263e-01
   1.76858e-02             4.68722e-02             2.45263e-01
   1.76895e-02             4.59315e-02             2.45263e-01
   1.76932e-02             4.49845e-02             2.45263e-01
   1.76970e-02             4.40315e-02             2.45263e-01
   1.77005e-02             4.30727e-02             2.45263e-01
   1.76847e-02             4.21115e-02             2.45263e-01
   1.76688e-02             4.11449e-02             2.45263e-01
   1.76529e-02             4.01733e-02             2.45263e-01
   1.76368e-02             3.91968e-02             2.45263e-01
   1.76123e-02             3.82171e-02             2.45263e-01
   1.75759e-02             3.72349e-02             2.45263e-01
   1.75395e-02             3.62486e-02             2.45263e-01
   1.75028e-02             3.52584e-02             2.45263e-01
   1.74660e-02             3.42647e-02             2.45263e-01
   1.74121e-02             3.32703e-02             2.45263e-01
   1.73546e-02             3.22733e-02             2.45263e-01
   1.72970e-02             3.12735e-02             2.45263e-01
   1.72391e-02             3.02710e-02             2.45263e-01
   1.71760e-02             2.92670e-02             2.45263e-01
   1.70975e-02             2.82634e-02             2.45263e-01
   1.70189e-02             2.72578e-02             2.45263e-01
   1.69401e-02             2.62507e-02             2.45263e-01
   1.68613e-02             2.52422e-02             2.45263e-01
   1.67683e-02             2.42348e-02             2.45263e-01
   1.66684e-02             2.32276e-02             2.45263e-01
   1.65685e-02             2.22198e-02             2.45263e-01
   1.64686e-02             2.12117e-02             2.45263e-01
   1.63665e-02             2.02037e-02             2.45263e-01
   1.62457e-02             1.91989e-02             2.45263e-01
   1.61250e-02             1.81944e-02             2.45263e-01
   1.60043e-02             1.71906e-02             2.45263e-01
   1.58837e-02             1.61876e-02             2.45263e-01
   1.57526e-02             1.51875e-02             2.45263e-01
   1.56120e-02             1.41903e-02             2.45263e-01
   1.54715e-02             1.31947e-02             2.45263e-01
   1.53314e-02             1.22009e-02             2.45263e-01
   1.51915e-02             1.12093e-02             2.45263e-01
   1.50317e-02             1.02232e-02             2.45263e-01
   1.48713e-02             9.23988e-03             2.45263e-01
   1.47113e-02             8.25936e-03             2.45263e-01
   1.45518e-02             7.28191e-03             2.45263e-01
   1.43848e-02             6.30905e-03             2.45263e-01
   1.42051e-02             5.34186e-03             2.45263e-01
   1.40262e-02             4.37843e-03             2.45263e-01
   1.38480e-02             3.41901e-03             2.45263e-01
   1.36705e-02             2.46383e-03             2.45263e-01
   1.34770e-02             1.51584e-03             2.45263e-01
   1.32804e-02             5.73209e-04             2.45263e-01
   1.30847e-02            -3.64495e-04             2.45263e-01
   1.28902e-02            -1.29704e-03             2.45263e-01
   1.26918e-02            -2.22340e-03             2.45263e-01
   1.24784e-02            -3.14155e-03             2.45263e-01
   1.22663e-02            -4.05387e-03             2.45263e-01
   1.20557e-02            -4.96014e-03             2.45263e-01
   1.18465e-02            -5.86014e-03             2.45263e-01
   1.16246e-02            -6.75138e-03             2.45263e-01
   1.13973e-02            -7.63476e-03             2.45263e-01
   1.11717e-02            -8.51124e-03             2.45263e-01
   1.09480e-02            -9.38059e-03             2.45263e-01
   1.07240e-02            -1.02423e-02             2.45263e-01
   1.04818e-02            -1.10932e-02             2.45263e-01
   1.02417e-02            -1.19363e-02             2.45263e-01
   1.00040e-02            -1.27715e-02             2.45263e-01
   9.76851e-03            -1.35986e-02             2.45263e-01
   9.52371e-03            -1.44155e-02             2.45263e-01
   9.27098e-03            -1.52221e-02             2.45263e-01
   9.02098e-03            -1.60200e-02             2.45263e-01
   8.77378e-03            -1.68090e-02             2.45263e-01
   8.52943e-03            -1.75890e-02             2.45263e-01
   8.26590e-03            -1.83560e-02             2.45263e-01
   8.00483e-03            -1.91135e-02             2.45263e-01
   7.74707e-03            -1.98614e-02             2.45263e-01
   7.49270e-03            -2.05995e-02             2.45263e-01
   7.23181e-03            -2.13260e-02             2.45263e-01
   6.96032e-03            -2.20400e-02             2.45263e-01
   6.69275e-03            -2.27438e-02             2.45263e-01
   6.42916e-03            -2.34371e-02             2.45263e-01
   6.16961e-03            -2.41197e-02             2.45263e-01
   5.89262e-03            -2.47881e-02             2.45263e-01
   5.61674e-03            -2.54450e-02             2.45263e-01
   5.34551e-03            -2.60909e-02             2.45263e-01
   5.07900e-03            -2.67255e-02             2.45263e-01
   4.80862e-03            -2.73473e-02             2.45263e-01
   4.52527e-03            -2.79548e-02             2.45263e-01
   4.24733e-03            -2.85506e-02             2.45263e-01
   3.97488e-03            -2.91347e-02             2.45263e-01
   3.70797e-03            -2.97069e-02             2.45263e-01
   3.42404e-03            -3.02634e-02             2.45263e-01
   3.14055e-03            -3.08069e-02             2.45263e-01
   2.86344e-03            -3.13382e-02             2.45263e-01
   2.59276e-03            -3.18571e-02             2.45263e-01
   2.31998e-03            -3.23622e-02             2.45263e-01
   2.03269e-03            -3.28513e-02             2.45263e-01
   1.75279e-03            -3.33278e-02             2.45263e-01
   1.48037e-03            -3.37915e-02             2.45263e-01
   1.21548e-03            -3.42425e-02             2.45263e-01
   9.30300e-04            -3.46760e-02             2.45263e-01
   6.46404e-04            -3.50955e-02             2.45263e-01
   3.71296e-04            -3.55020e-02             2.45263e-01
   1.05042e-04            -3.58954e-02             2.45263e-01
  -1.65311e-04            -3.62735e-02             2.45263e-01
  -4.52022e-04            -3.66343e-02             2.45263e-01
  -7.28292e-04            -3.69819e-02             2.45263e-01
  -9.94051e-04            -3.73163e-02             2.45263e-01
  -1.24923e-03            -3.76374e-02             2.45263e-01
  -1.53182e-03            -3.79391e-02             2.45263e-01
  -1.80649e-03            -3.82268e-02             2.45263e-01
  -2.06852e-03            -3.85012e-02             2.45263e-01
  -2.31785e-03            -3.87624e-02             2.45263e-01
  -2.58082e-03            -3.90060e-02             2.45263e-01
  -2.85654e-03            -3.92320e-02             2.45263e-01
  -3.11640e-03            -3.94450e-02             2.45263e-01
  -3.36033e-03            -3.96450e-02             2.45263e-01
  -3.59684e-03            -3.98305e-02             2.45263e-01
  -3.87208e-03            -3.99940e-02             2.45263e-01
  -4.12642e-03            -4.01451e-02             2.45263e-01
  -4.35978e-03            -4.02838e-02             2.45263e-01
  -4.57211e-03            -4.04099e-02             2.45263e-01
  -4.83023e-03            -4.05128e-02             2.45263e-01
  -5.08010e-03            -4.06011e-02             2.45263e-01
  -5.29888e-03            -4.06783e-02             2.45263e-01
  -5.48650e-03            -4.07446e-02             2.45263e-01
  -5.72249e-03            -4.07871e-02             2.45263e-01
  -6.00667e-03            -4.08058e-02             2.45263e-01
  -6.21986e-03            -4.08198e-02             2.45263e-01
  -6.36201e-03            -4.08292e-02             2.45263e-01
  -6.43310e-03            -4.08339e-02             2.45263e-01
  -6.58523e-03            -4.07933e-02             2.45263e-01
  -6.88946e-03            -4.07123e-02             2.45263e-01
  -7.15791e-03            -4.06210e-02             2.45263e-01
  -7.22144e-03            -4.05465e-02             2.45263e-01
  -7.30081e-03            -4.04533e-02             2.45263e-01
  -7.39602e-03            -4.03417e-02             2.45263e-01
  -7.50703e-03            -4.02114e-02             2.45263e-01
  -7.58088e-03            -4.00712e-02             2.45263e-01
  -7.61178e-03            -3.99219e-02             2.45263e-01
  -7.64608e-03            -3.97562e-02             2.45263e-01
  -7.68377e-03            -3.95740e-02             2.45263e-01
  -7.72486e-03            -3.93754e-02             2.45263e-01
  -7.75903e-03            -3.91622e-02             2.45263e-01
  -7.76633e-03            -3.89376e-02             2.45263e-01
  -7.77415e-03            -3.86972e-02             2.45263e-01
  -7.78247e-03            -3.84412e-02             2.45263e-01
  -7.79130e-03            -3.81694e-02             2.45263e-01
  -7.79929e-03            -3.78824e-02             2.45263e-01
  -7.77746e-03            -3.75847e-02             2.45263e-01
  -7.75453e-03            -3.72718e-02             2.45263e-01
  -7.73049e-03            -3.69439e-02             2.45263e-01
  -7.70536e-03            -3.66009e-02             2.45263e-01
  -7.67913e-03            -3.62431e-02             2.45263e-01
  -7.63032e-03            -3.58738e-02             2.45263e-01
  -7.57596e-03            -3.54906e-02             2.45263e-01
  -7.51954e-03            -3.50928e-02             2.45263e-01
  -7.46107e-03            -3.46806e-02             2.45263e-01
  -7.40059e-03            -3.42542e-02             2.45263e-01
  -7.32740e-03            -3.38153e-02             2.45263e-01
  -7.24585e-03            -3.33634e-02             2.45263e-01
  -7.16179e-03            -3.28976e-02             2.45263e-01
  -7.07524e-03            -3.24180e-02             2.45263e-01
  -6.98624e-03            -3.19247e-02             2.45263e-01
  -6.89068e-03            -3.14186e-02             2.45263e-01
  -6.78560e-03            -3.09003e-02             2.45263e-01
  -6.67784e-03            -3.03687e-02             2.45263e-01
  -6.56743e-03            -2.98241e-02             2.45263e-01
  -6.45439e-03            -2.92665e-02             2.45263e-01
  -6.33837e-03            -2.86961e-02             2.45263e-01
  -6.21402e-03            -2.81140e-02             2.45263e-01
  -6.08700e-03            -2.75193e-02             2.45263e-01
  -5.95734e-03            -2.69123e-02             2.45263e-01
  -5.82507e-03            -2.62931e-02             2.45263e-01
  -5.69022e-03            -2.56618e-02             2.45263e-01
  -5.55002e-03            -2.50190e-02             2.45263e-01
  -5.40621e-03            -2.43647e-02             2.45263e-01
  -5.25984e-03            -2.36988e-02             2.45263e-01
  -5.11097e-03            -2.30215e-02             2.45263e-01
  -4.95963e-03            -2.23330e-02             2.45263e-01
  -4.80513e-03            -2.16335e-02             2.45263e-01
  -4.64701e-03            -2.09232e-02             2.45263e-01
  -4.48651e-03            -2.02023e-02             2.45263e-01
  -4.32366e-03            -1.94708e-02             2.45263e-01
  -4.15850e-03            -1.87290e-02             2.45263e-01
  -3.99106e-03            -1.79769e-02             2.45263e-01
  -3.82070e-03            -1.72150e-02             2.45263e-01
  -3.64814e-03            -1.64433e-02             2.45263e-01
  -3.47343e-03            -1.56619e-02             2.45263e-01
  -3.29662e-03            -1.48712e-02             2.45263e-01
  -3.11774e-03            -1.40712e-02             2.45263e-01
  -2.93695e-03            -1.32622e-02             2.45263e-01
  -2.75423e-03            -1.24443e-02             2.45263e-01
  -2.56959e-03            -1.16178e-02             2.45263e-01
  -2.38306e-03            -1.07828e-02             2.45263e-01
  -2.19469e-03            -9.93970e-03             2.45263e-01
  -2.00494e-03            -9.08847e-03             2.45263e-01
  -1.81444e-03            -8.22928e-03             2.45263e-01
  -1.62225e-03            -7.36250e-03             2.45263e-01
  -1.42843e-03            -6.48834e-03             2.45263e-01
  -1.23302e-03            -5.60702e-03             2.45263e-01
  -1.03607e-03            -4.71875e-03             2.45263e-01
  -8.39369e-04            -3.82348e-03             2.45263e-01
  -6.41400e-04            -2.92168e-03             2.45263e-01
  -4.42052e-04            -2.01359e-03             2.45263e-01
  -2.41373e-04            -1.09945e-03             2.45263e-01
  -3.94128e-05            -1.79464e-04             2.45263e-01
   1.62869e-04             7.46273e-04             2.45263e-01
   3.65557e-04             1.67751e-03             2.45263e-01
   5.69366e-04             2.61390e-03             2.45263e-01
   7.74246e-04             3.55522e-03             2.45263e-01
   9.80146e-04             4.50122e-03             2.45263e-01
   1.18669e-03             5.45172e-03             2.45263e-01
   1.39254e-03             6.40671e-03             2.45263e-01
   1.59925e-03             7.36568e-03             2.45263e-01
   1.80677e-03             8.32840e-03             2.45263e-01
   2.01505e-03             9.29463e-03             2.45263e-01
   2.22403e-03             1.02641e-02             2.45263e-01
   2.43315e-03             1.12368e-02             2.45263e-01
   2.64275e-03             1.22122e-02             2.45263e-01
   2.85290e-03             1.31902e-02             2.45263e-01
   3.06354e-03             1.41705e-02             2.45263e-01
   3.27462e-03             1.51529e-02             2.45263e-01
   3.48637e-03             1.61370e-02             2.45263e-01
   3.69883e-03             1.71227e-02             2.45263e-01
   3.91157e-03             1.81097e-02             2.45263e-01
   4.12455e-03             1.90979e-02             2.45263e-01
   4.33772e-03             2.00868e-02             2.45263e-01
   4.55100e-03             2.10764e-02             2.45263e-01
   4.76400e-03             2.20664e-02             2.45263e-01
   4.97702e-03             2.30566e-02             2.45263e-01
   5.19002e-03             2.40466e-02             2.45263e-01
   5.40294e-03             2.50362e-02             2.45263e-01
   5.61573e-03             2.60253e-02             2.45263e-01
   5.82613e-03             2.70138e-02             2.45263e-01
   6.03507e-03             2.80015e-02             2.45263e-01
   6.24372e-03             2.89878e-02             2.45263e-01
   6.45203e-03             2.99725e-02             2.45263e-01
   6.65996e-03             3.09553e-02             2.45263e-01
   6.86602e-03             3.19364e-02             2.45263e-01
   7.06555e-03             3.29161e-02             2.45263e-01
   7.26456e-03             3.38932e-02             2.45263e-01
   7.46300e-03             3.48675e-02             2.45263e-01
   7.66082e-03             3.58388e-02             2.45263e-01
   7.85797e-03             3.68069e-02             2.45263e-01
   8.04739e-03             3.77725e-02             2.45263e-01
   8.23299e-03             3.87348e-02             2.45263e-01
   8.41783e-03             3.96932e-02             2.45263e-01
   8.60184e-03             4.06473e-02             2.45263e-01
   8.78499e-03             4.15970e-02             2.45263e-01
   8.96566e-03             4.25422e-02             2.45263e-01
   9.13724e-03             4.34837e-02             2.45263e-01
   9.30789e-03             4.44201e-02             2.45263e-01
   9.47754e-03             4.53511e-02             2.45263e-01
   9.64617e-03             4.62764e-02             2.45263e-01
   9.81373e-03             4.71959e-02             2.45263e-01
   9.97401e-03             4.81103e-02             2.45263e-01
   1.01291e-02             4.90190e-02             2.45263e-01
   1.02831e-02             4.99211e-02             2.45263e-01
   1.04359e-02             5.08164e-02             2.45263e-01
   1.05876e-02             5.17048e-02             2.45263e-01
   1.07378e-02             5.25859e-02             2.45263e-01
   1.08762e-02             5.34613e-02             2.45263e-01
   1.10134e-02             5.43291e-02             2.45263e-01
   1.11494e-02             5.51890e-02             2.45263e-01
   1.12840e-02             5.60407e-02             2.45263e-01
   1.14174e-02             5.68842e-02             2.45263e-01
   1.15450e-02             5.77199e-02             2.45263e-01
   1.16647e-02             5.85478e-02             2.45263e-01
   1.17832e-02             5.93669e-02             2.45263e-01
   1.19003e-02             6.01768e-02             2.45263e-01
   1.20160e-02             6.09774e-02             2.45263e-01
   1.21304e-02             6.17684e-02             2.45263e-01
   1.22345e-02             6.25511e-02             2.45263e-01
   1.23344e-02             6.33243e-02             2.45263e-01
   1.24331e-02             6.40874e-02             2.45263e-01
   1.25304e-02             6.48402e-02             2.45263e-01
   1.26263e-02             6.55824e-02             2.45263e-01
   1.27199e-02             6.63141e-02             2.45263e-01
   1.28015e-02             6.70366e-02             2.45263e-01
   1.28818e-02             6.77480e-02             2.45263e-01
   1.29609e-02             6.84482e-02             2.45263e-01
   1.30386e-02             6.91369e-02             2.45263e-01
   1.31151e-02             6.98140e-02             2.45263e-01
   1.31857e-02             7.04801e-02             2.45263e-01
   1.32478e-02             7.11354e-02             2.45263e-01
   1.33088e-02             7.17785e-02             2.45263e-01
   1.33686e-02             7.24094e-02             2.45263e-01
   1.34272e-02             7.30278e-02             2.45263e-01
   1.34846e-02             7.36336e-02             2.45263e-01
   1.35335e-02             7.42278e-02             2.45263e-01
   1.35775e-02             7.48098e-02             2.45263e-01
   1.36206e-02             7.53786e-02             2.45263e-01
   1.36627e-02             7.59342e-02             2.45263e-01
   1.37037e-02             7.64765e-02             2.45263e-01
   1.37438e-02             7.70053e-02             2.45263e-01
   1.37725e-02             7.75221e-02             2.45263e-01
   1.37995e-02             7.80253e-02             2.45263e-01
   1.38258e-02             7.85146e-02             2.45263e-01
   1.38514e-02             7.89898e-02             2.45263e-01
   1.38761e-02             7.94508e-02             2.45263e-01
   1.38985e-02             7.98979e-02             2.45263e-01
   1.39104e-02             8.03321e-02             2.45263e-01
   1.39220e-02             8.07518e-02             2.45263e-01
   1.39332e-02             8.11568e-02             2.45263e-01
   1.39439e-02             8.15471e-02             2.45263e-01
   1.39543e-02             8.19225e-02             2.45263e-01
   1.39603e-02             8.22836e-02             2.45263e-01
   1.39591e-02             8.26308e-02             2.45263e-01
   1.39579e-02             8.29628e-02             2.45263e-01
   1.39568e-02             8.32795e-02             2.45263e-01
   1.39557e-02             8.35809e-02             2.45263e-01
   1.39547e-02             8.38668e-02             2.45263e-01
   1.39496e-02             8.41379e-02             2.45263e-01
   1.39417e-02             8.43939e-02             2.45263e-01
   1.39344e-02             8.46343e-02             2.45263e-01
   1.39275e-02             8.48588e-02             2.45263e-01
   1.39211e-02             8.50676e-02             2.45263e-01
   1.39152e-02             8.52605e-02             2.45263e-01
   1.39071e-02             8.54379e-02             2.45263e-01
   1.38993e-02             8.55994e-02             2.45263e-01
   1.38923e-02             8.57448e-02             2.45263e-01
   1.38860e-02             8.58742e-02             2.45263e-01
   1.38806e-02             8.59875e-02             2.45263e-01
   1.38756e-02             8.60847e-02             2.45263e-01
   1.38703e-02             8.61659e-02             2.45263e-01
   1.38660e-02             8.62309e-02             2.45263e-01
   1.38628e-02             8.62797e-02             2.45263e-01
   1.38607e-02             8.63122e-02             2.45263e-01
   1.38597e-02             8.63284e-02             2.45263e-01