7.83374e-03             1.76590e-02             1.36316e-01
   8.17351e-03             1.75030e-02             1.36316e-01
   8.46114e-03             1.73649e-02             1.36316e-01
   8.75674e-03             1.72182e-02             1.36316e-01
   9.02194e-03             1.70798e-02             1.36316e-01
   9.28532e-03             1.69371e-02             1.36316e-01
   9.55995e-03             1.67843e-02             1.36316e-01
   9.81074e-03             1.66370e-02             1.36316e-01
   1.00695e-02             1.64809e-02             1.36316e-01
   1.03293e-02             1.63194e-02             1.36316e-01
   1.05749e-02             1.61590e-02             1.36316e-01
   1.08276e-02             1.59904e-02             1.36316e-01
   1.10734e-02             1.58198e-02             1.36316e-01
   1.13149e-02             1.56461e-02             1.36316e-01
   1.15605e-02             1.54655e-02             1.36316e-01
   1.17944e-02             1.52851e-02             1.36316e-01
   1.20297e-02             1.50990e-02             1.36316e-01
   1.22646e-02             1.49082e-02             1.36316e-01
   1.24899e-02             1.47166e-02             1.36316e-01
   1.27177e-02             1.45191e-02             1.36316e-01
   1.29402e-02             1.43189e-02             1.36316e-01
   1.31583e-02             1.41159e-02             1.36316e-01
   1.33777e-02             1.39074e-02             1.36316e-01
   1.35881e-02             1.36981e-02             1.36316e-01
   1.37979e-02             1.34842e-02             1.36316e-01
   1.40063e-02             1.32662e-02             1.36316e-01
   1.42065e-02             1.30470e-02             1.36316e-01
   1.44072e-02             1.28230e-02             1.36316e-01
   1.46029e-02             1.25965e-02             1.36316e-01
   1.47940e-02             1.23674e-02             1.36316e-01
   1.49849e-02             1.21338e-02             1.36316e-01
   1.51678e-02             1.18991e-02             1.36316e-01
   1.53491e-02             1.16606e-02             1.36316e-01
   1.55281e-02             1.14187e-02             1.36316e-01
   1.56997e-02             1.11756e-02             1.36316e-01
   1.58705e-02             1.09284e-02             1.36316e-01
   1.60362e-02             1.06791e-02             1.36316e-01
   1.61973e-02             1.04276e-02             1.36316e-01
   1.63570e-02             1.01724e-02             1.36316e-01
   1.65094e-02             9.91617e-03             1.36316e-01
   1.66593e-02             9.65688e-03             1.36316e-01
   1.68064e-02             9.39467e-03             1.36316e-01
   1.69464e-02             9.13155e-03             1.36316e-01
   1.70848e-02             8.86512e-03             1.36316e-01
   1.72180e-02             8.59695e-03             1.36316e-01
   1.73463e-02             8.32703e-03             1.36316e-01
   1.74727e-02             8.05408e-03             1.36316e-01
   1.75919e-02             7.78048e-03             1.36316e-01
   1.77081e-02             7.50441e-03             1.36316e-01
   1.78212e-02             7.22603e-03             1.36316e-01
   1.79272e-02             6.94710e-03             1.36316e-01
   1.80310e-02             6.66554e-03             1.36316e-01
   1.81297e-02             6.38273e-03             1.36316e-01
   1.82232e-02             6.09869e-03             1.36316e-01
   1.83143e-02             5.81228e-03             1.36316e-01
   1.83984e-02             5.52562e-03             1.36316e-01
   1.84791e-02             5.23714e-03             1.36316e-01
   1.85564e-02             4.94694e-03             1.36316e-01
   1.86267e-02             4.65664e-03             1.36316e-01
   1.86944e-02             4.36437e-03             1.36316e-01
   1.87569e-02             4.07138e-03             1.36316e-01
   1.88141e-02             3.77770e-03             1.36316e-01
   1.88686e-02             3.48233e-03             1.36316e-01
   1.89162e-02             3.18716e-03             1.36316e-01
   1.89601e-02             2.89079e-03             1.36316e-01
   1.90004e-02             2.59333e-03             1.36316e-01
   1.90339e-02             2.29626e-03             1.36316e-01
   1.90645e-02             1.99788e-03             1.36316e-01
   1.90897e-02             1.69933e-03             1.36316e-01
   1.91098e-02             1.40067e-03             1.36316e-01
   1.91268e-02             1.10095e-03             1.36316e-01
   1.91371e-02             8.01953e-04             1.36316e-01
   1.91436e-02             5.02381e-04             1.36316e-01
   1.91464e-02             2.02331e-04             1.36316e-01
   1.91424e-02            -9.68008e-05             1.36316e-01
   1.91353e-02            -3.96603e-04             1.36316e-01
   1.91230e-02            -6.95998e-04             1.36316e-01
   1.91055e-02            -9.94929e-04             1.36316e-01
   1.90849e-02            -1.29429e-03             1.36316e-01
   1.90576e-02            -1.59238e-03             1.36316e-01
   1.90266e-02            -1.89043e-03             1.36316e-01
   1.89918e-02            -2.18835e-03             1.36316e-01
   1.89503e-02            -2.48481e-03             1.36316e-01
   1.89059e-02            -2.78131e-03             1.36316e-01
   1.88562e-02            -3.07683e-03             1.36316e-01
   1.88013e-02            -3.37130e-03             1.36316e-01
   1.87435e-02            -3.66560e-03             1.36316e-01
   1.86791e-02            -3.95806e-03             1.36316e-01
   1.86110e-02            -4.24990e-03             1.36316e-01
   1.85392e-02            -4.54101e-03             1.36316e-01
   1.84609e-02            -4.83010e-03             1.36316e-01
   1.83797e-02            -5.11863e-03             1.36316e-01
   1.82934e-02            -5.40562e-03             1.36316e-01
   1.82021e-02            -5.69098e-03             1.36316e-01
   1.81079e-02            -5.97558e-03             1.36316e-01
   1.80073e-02            -6.25781e-03             1.36316e-01
   1.79032e-02            -6.53881e-03             1.36316e-01
   1.77956e-02            -6.81854e-03             1.36316e-01
   1.76817e-02            -7.09568e-03             1.36316e-01
   1.75650e-02            -7.37171e-03             1.36316e-01
   1.74435e-02            -7.64563e-03             1.36316e-01
   1.73172e-02            -7.91738e-03             1.36316e-01
   1.71882e-02            -8.18781e-03             1.36316e-01
   1.70530e-02            -8.45533e-03             1.36316e-01
   1.69146e-02            -8.72108e-03             1.36316e-01
   1.67728e-02            -8.98502e-03             1.36316e-01
   1.66251e-02            -9.24583e-03             1.36316e-01
   1.64748e-02            -9.50500e-03             1.36316e-01
   1.63199e-02            -9.76154e-03             1.36316e-01
   1.61606e-02            -1.00154e-02             1.36316e-01
   1.59988e-02            -1.02674e-02             1.36316e-01
   1.58312e-02            -1.05160e-02             1.36316e-01
   1.56606e-02            -1.07623e-02             1.36316e-01
   1.54870e-02            -1.10063e-02             1.36316e-01
   1.53077e-02            -1.12466e-02             1.36316e-01
   1.51262e-02            -1.14849e-02             1.36316e-01
   1.49404e-02            -1.17200e-02             1.36316e-01
   1.47505e-02            -1.19519e-02             1.36316e-01
   1.45586e-02            -1.21816e-02             1.36316e-01
   1.43611e-02            -1.24073e-02             1.36316e-01
   1.41610e-02            -1.26302e-02             1.36316e-01
   1.39583e-02            -1.28505e-02             1.36316e-01
   1.37502e-02            -1.30666e-02             1.36316e-01
   1.35404e-02            -1.32801e-02             1.36316e-01
   1.33267e-02            -1.34901e-02             1.36316e-01
   1.31092e-02            -1.36964e-02             1.36316e-01
   1.28902e-02            -1.39001e-02             1.36316e-01
   1.26659e-02            -1.40993e-02             1.36316e-01
   1.24395e-02            -1.42955e-02             1.36316e-01
   1.22110e-02            -1.44885e-02             1.36316e-01
   1.19773e-02            -1.46769e-02             1.36316e-01
   1.17425e-02            -1.48624e-02             1.36316e-01
   1.15043e-02            -1.50439e-02             1.36316e-01
   1.12626e-02            -1.52214e-02             1.36316e-01
   1.10199e-02            -1.53959e-02             1.36316e-01
   1.07724e-02            -1.55655e-02             1.36316e-01
   1.05232e-02            -1.57317e-02             1.36316e-01
   1.02725e-02            -1.58944e-02             1.36316e-01
   1.00170e-02            -1.60522e-02             1.36316e-01
   9.76086e-03            -1.62067e-02             1.36316e-01
   9.50178e-03            -1.63569e-02             1.36316e-01
   9.23970e-03            -1.65028e-02             1.36316e-01
   8.97731e-03            -1.66453e-02             1.36316e-01
   8.71035e-03            -1.67827e-02             1.36316e-01
   8.44233e-03            -1.69163e-02             1.36316e-01
   8.17342e-03            -1.70462e-02             1.36316e-01
   7.89998e-03            -1.71708e-02             1.36316e-01
   7.62667e-03            -1.72919e-02             1.36316e-01
   7.35085e-03            -1.74085e-02             1.36316e-01
   7.07247e-03            -1.75203e-02             1.36316e-01
   6.79456e-03            -1.76288e-02             1.36316e-01
   6.51234e-03            -1.77316e-02             1.36316e-01
   6.22970e-03            -1.78306e-02             1.36316e-01
   5.94689e-03            -1.79257e-02             1.36316e-01
   5.65976e-03            -1.80150e-02             1.36316e-01
   5.37358e-03            -1.81009e-02             1.36316e-01
   5.08537e-03            -1.81819e-02             1.36316e-01
   4.79503e-03            -1.82580e-02             1.36316e-01
   4.50606e-03            -1.83307e-02             1.36316e-01
   4.21294e-03            -1.83974e-02             1.36316e-01
   3.92013e-03            -1.84601e-02             1.36316e-01
   3.62797e-03            -1.85189e-02             1.36316e-01
   3.33155e-03            -1.85716e-02             1.36316e-01
   3.03706e-03            -1.86208e-02             1.36316e-01
   2.74102e-03            -1.86651e-02             1.36316e-01
   2.44321e-03            -1.87042e-02             1.36316e-01
   2.14786e-03            -1.87399e-02             1.36316e-01
   1.84833e-03            -1.87694e-02             1.36316e-01
   1.54996e-03            -1.87949e-02             1.36316e-01
   1.25320e-03            -1.88165e-02             1.36316e-01
   9.51944e-04            -1.88316e-02             1.36316e-01
   6.53854e-04            -1.88435e-02             1.36316e-01
   3.54644e-04            -1.88502e-02             1.36316e-01
   5.39045e-05            -1.88516e-02             1.36316e-01
  -2.42945e-04            -1.88500e-02             1.36316e-01
  -5.44396e-04            -1.88417e-02             1.36316e-01
  -8.43720e-04            -1.88295e-02             1.36316e-01
  -1.14010e-03            -1.88137e-02             1.36316e-01
  -1.44187e-03            -1.87908e-02             1.36316e-01
  -1.73876e-03            -1.87652e-02             1.36316e-01
  -2.03643e-03            -1.87344e-02             1.36316e-01
  -2.33574e-03            -1.86979e-02             1.36316e-01
  -2.62895e-03            -1.86591e-02             1.36316e-01
  -2.92812e-03            -1.86128e-02             1.36316e-01
  -3.22392e-03            -1.85630e-02             1.36316e-01
  -3.51459e-03            -1.85105e-02             1.36316e-01
  -3.81328e-03            -1.84494e-02             1.36316e-01
  -4.10417e-03            -1.83867e-02             1.36316e-01
  -4.39559e-03            -1.83188e-02             1.36316e-01
  -4.69018e-03            -1.82443e-02             1.36316e-01
  -4.97392e-03            -1.81696e-02             1.36316e-01
  -5.26804e-03            -1.80852e-02             1.36316e-01
  -5.55737e-03            -1.79978e-02             1.36316e-01
  -5.83492e-03            -1.79106e-02             1.36316e-01
  -6.13250e-03            -1.78093e-02             1.36316e-01
  -6.41506e-03            -1.77096e-02             1.36316e-01
  -6.69567e-03            -1.76055e-02             1.36316e-01
  -7.00282e-03            -1.74846e-02             1.36316e-01
  -7.29816e-03            -1.73638e-02             1.36316e-01
  -7.64178e-03            -1.72163e-02             1.36316e-01
  -7.98163e-03            -1.70602e-02             1.36316e-01
  -8.26942e-03            -1.69222e-02             1.36316e-01
  -8.56516e-03            -1.67754e-02             1.36316e-01
  -8.83039e-03            -1.66370e-02             1.36316e-01
  -9.09381e-03            -1.64943e-02             1.36316e-01
  -9.36848e-03            -1.63415e-02             1.36316e-01
  -9.61932e-03            -1.61941e-02             1.36316e-01
  -9.87810e-03            -1.60381e-02             1.36316e-01
  -1.01379e-02            -1.58765e-02             1.36316e-01
  -1.03835e-02            -1.57161e-02             1.36316e-01
  -1.06362e-02            -1.55475e-02             1.36316e-01
  -1.08820e-02            -1.53769e-02             1.36316e-01
  -1.11235e-02            -1.52032e-02             1.36316e-01
  -1.13691e-02            -1.50226e-02             1.36316e-01
  -1.16029e-02            -1.48422e-02             1.36316e-01
  -1.18382e-02            -1.46562e-02             1.36316e-01
  -1.20731e-02            -1.44654e-02             1.36316e-01
  -1.22984e-02            -1.42738e-02             1.36316e-01
  -1.25261e-02            -1.40763e-02             1.36316e-01
  -1.27486e-02            -1.38762e-02             1.36316e-01
  -1.29666e-02            -1.36731e-02             1.36316e-01
  -1.31859e-02            -1.34646e-02             1.36316e-01
  -1.33963e-02            -1.32553e-02             1.36316e-01
  -1.36060e-02            -1.30415e-02             1.36316e-01
  -1.38143e-02            -1.28235e-02             1.36316e-01
  -1.40145e-02            -1.26043e-02             1.36316e-01
  -1.42151e-02            -1.23803e-02             1.36316e-01
  -1.44107e-02            -1.21538e-02             1.36316e-01
  -1.46017e-02            -1.19248e-02             1.36316e-01
  -1.47925e-02            -1.16912e-02             1.36316e-01
  -1.49754e-02            -1.14565e-02             1.36316e-01
  -1.51565e-02            -1.12181e-02             1.36316e-01
  -1.53355e-02            -1.09761e-02             1.36316e-01
  -1.55070e-02            -1.07331e-02             1.36316e-01
  -1.56777e-02            -1.04859e-02             1.36316e-01
  -1.58433e-02            -1.02367e-02             1.36316e-01
  -1.60042e-02            -9.98518e-03             1.36316e-01
  -1.61639e-02            -9.72996e-03             1.36316e-01
  -1.63162e-02            -9.47379e-03             1.36316e-01
  -1.64660e-02            -9.21452e-03             1.36316e-01
  -1.66130e-02            -8.95234e-03             1.36316e-01
  -1.67529e-02            -8.68925e-03             1.36316e-01
  -1.68911e-02            -8.42284e-03             1.36316e-01
  -1.70243e-02            -8.15470e-03             1.36316e-01
  -1.71524e-02            -7.88481e-03             1.36316e-01
  -1.72787e-02            -7.61189e-03             1.36316e-01
  -1.73978e-02            -7.33832e-03             1.36316e-01
  -1.75139e-02            -7.06228e-03             1.36316e-01
  -1.76268e-02            -6.78393e-03             1.36316e-01
  -1.77328e-02            -6.50503e-03             1.36316e-01
  -1.78365e-02            -6.22350e-03             1.36316e-01
  -1.79350e-02            -5.94072e-03             1.36316e-01
  -1.80284e-02            -5.65671e-03             1.36316e-01
  -1.81194e-02            -5.37034e-03             1.36316e-01
  -1.82033e-02            -5.08371e-03             1.36316e-01
  -1.82839e-02            -4.79525e-03             1.36316e-01
  -1.83611e-02            -4.50509e-03             1.36316e-01
  -1.84313e-02            -4.21481e-03             1.36316e-01
  -1.84989e-02            -3.92258e-03             1.36316e-01
  -1.85612e-02            -3.62962e-03             1.36316e-01
  -1.86183e-02            -3.33598e-03             1.36316e-01
  -1.86727e-02            -3.04063e-03             1.36316e-01
  -1.87201e-02            -2.74550e-03             1.36316e-01
  -1.87640e-02            -2.44916e-03             1.36316e-01
  -1.88041e-02            -2.15174e-03             1.36316e-01
  -1.88375e-02            -1.85470e-03             1.36316e-01
  -1.88679e-02            -1.55634e-03             1.36316e-01
  -1.88931e-02            -1.25783e-03             1.36316e-01
  -1.89130e-02            -9.59198e-04             1.36316e-01
  -1.89299e-02            -6.59506e-04             1.36316e-01
  -1.89401e-02            -3.60542e-04             1.36316e-01
  -1.89465e-02            -6.10010e-05             1.36316e-01
  -1.89491e-02             2.39019e-04             1.36316e-01
  -1.89450e-02             5.38123e-04             1.36316e-01
  -1.89378e-02             8.37896e-04             1.36316e-01
  -1.89254e-02             1.13726e-03             1.36316e-01
  -1.89078e-02             1.43616e-03             1.36316e-01
  -1.88871e-02             1.73549e-03             1.36316e-01
  -1.88597e-02             2.03356e-03             1.36316e-01
  -1.88286e-02             2.33158e-03             1.36316e-01
  -1.87937e-02             2.62948e-03             1.36316e-01
  -1.87521e-02             2.92591e-03             1.36316e-01
  -1.87075e-02             3.22239e-03             1.36316e-01
  -1.86578e-02             3.51788e-03             1.36316e-01
  -1.86028e-02             3.81234e-03             1.36316e-01
  -1.85449e-02             4.10660e-03             1.36316e-01
  -1.84804e-02             4.39905e-03             1.36316e-01
  -1.84122e-02             4.69086e-03             1.36316e-01
  -1.83403e-02             4.98195e-03             1.36316e-01
  -1.82619e-02             5.27102e-03             1.36316e-01
  -1.81806e-02             5.55953e-03             1.36316e-01
  -1.80943e-02             5.84650e-03             1.36316e-01
  -1.80029e-02             6.13185e-03             1.36316e-01
  -1.79086e-02             6.41642e-03             1.36316e-01
  -1.78080e-02             6.69863e-03             1.36316e-01
  -1.77039e-02             6.97962e-03             1.36316e-01
  -1.75962e-02             7.25933e-03             1.36316e-01
  -1.74822e-02             7.53646e-03             1.36316e-01
  -1.73654e-02             7.81247e-03             1.36316e-01
  -1.72439e-02             8.08638e-03             1.36316e-01
  -1.71175e-02             8.35811e-03             1.36316e-01
  -1.69884e-02             8.62853e-03             1.36316e-01
  -1.68532e-02             8.89603e-03             1.36316e-01
  -1.67147e-02             9.16178e-03             1.36316e-01
  -1.65730e-02             9.42570e-03             1.36316e-01
  -1.64252e-02             9.68651e-03             1.36316e-01
  -1.62748e-02             9.94567e-03             1.36316e-01
  -1.61200e-02             1.02022e-02             1.36316e-01
  -1.59605e-02             1.04560e-02             1.36316e-01
  -1.57987e-02             1.07080e-02             1.36316e-01
  -1.56311e-02             1.09566e-02             1.36316e-01
  -1.54605e-02             1.12029e-02             1.36316e-01
  -1.52869e-02             1.14469e-02             1.36316e-01
  -1.51075e-02             1.16873e-02             1.36316e-01
  -1.49260e-02             1.19255e-02             1.36316e-01
  -1.47403e-02             1.21606e-02             1.36316e-01
  -1.45504e-02             1.23925e-02             1.36316e-01
  -1.43584e-02             1.26222e-02             1.36316e-01
  -1.41609e-02             1.28479e-02             1.36316e-01
  -1.39608e-02             1.30709e-02             1.36316e-01
  -1.37582e-02             1.32911e-02             1.36316e-01
  -1.35501e-02             1.35072e-02             1.36316e-01
  -1.33403e-02             1.37207e-02             1.36316e-01
  -1.31267e-02             1.39307e-02             1.36316e-01
  -1.29092e-02             1.41371e-02             1.36316e-01
  -1.26902e-02             1.43407e-02             1.36316e-01
  -1.24659e-02             1.45400e-02             1.36316e-01
  -1.22395e-02             1.47361e-02             1.36316e-01
  -1.20111e-02             1.49291e-02             1.36316e-01
  -1.17775e-02             1.51175e-02             1.36316e-01
  -1.15427e-02             1.53031e-02             1.36316e-01
  -1.13045e-02             1.54846e-02             1.36316e-01
  -1.10629e-02             1.56621e-02             1.36316e-01
  -1.08203e-02             1.58366e-02             1.36316e-01
  -1.05728e-02             1.60063e-02             1.36316e-01
  -1.03236e-02             1.61725e-02             1.36316e-01
  -1.00730e-02             1.63352e-02             1.36316e-01
  -9.81755e-03             1.64930e-02             1.36316e-01
  -9.56153e-03             1.66475e-02             1.36316e-01
  -9.30252e-03             1.67978e-02             1.36316e-01
  -9.04051e-03             1.69436e-02             1.36316e-01
  -8.77820e-03             1.70862e-02             1.36316e-01
  -8.51133e-03             1.72236e-02             1.36316e-01
  -8.24340e-03             1.73572e-02             1.36316e-01
  -7.97457e-03             1.74872e-02             1.36316e-01
  -7.70122e-03             1.76117e-02             1.36316e-01
  -7.42801e-03             1.77329e-02             1.36316e-01
  -7.15228e-03             1.78495e-02             1.36316e-01
  -6.87401e-03             1.79614e-02             1.36316e-01
  -6.59620e-03             1.80699e-02             1.36316e-01
  -6.31408e-03             1.81727e-02             1.36316e-01
  -6.03155e-03             1.82717e-02             1.36316e-01
  -5.74884e-03             1.83668e-02             1.36316e-01
  -5.46182e-03             1.84562e-02             1.36316e-01
  -5.17576e-03             1.85421e-02             1.36316e-01
  -4.88767e-03             1.86232e-02             1.36316e-01
  -4.59745e-03             1.86993e-02             1.36316e-01
  -4.30860e-03             1.87720e-02             1.36316e-01
  -4.01560e-03             1.88387e-02             1.36316e-01
  -3.72292e-03             1.89015e-02             1.36316e-01
  -3.43089e-03             1.89603e-02             1.36316e-01
  -3.13459e-03             1.90130e-02             1.36316e-01
  -2.84023e-03             1.90623e-02             1.36316e-01
  -2.54432e-03             1.91066e-02             1.36316e-01
  -2.24664e-03             1.91457e-02             1.36316e-01
  -1.95143e-03             1.91815e-02             1.36316e-01
  -1.65204e-03             1.92110e-02             1.36316e-01
  -1.35380e-03             1.92365e-02             1.36316e-01
  -1.05718e-03             1.92582e-02             1.36316e-01
  -7.56070e-04             1.92733e-02             1.36316e-01
  -4.58119e-04             1.92852e-02             1.36316e-01
  -1.59049e-04             1.92920e-02             1.36316e-01
   1.41548e-04             1.92934e-02             1.36316e-01
   4.38246e-04             1.92919e-02             1.36316e-01
   7.39551e-04             1.92835e-02             1.36316e-01
   1.03873e-03             1.92714e-02             1.36316e-01
   1.33498e-03             1.92557e-02             1.36316e-01
   1.63659e-03             1.92328e-02             1.36316e-01
   1.93333e-03             1.92072e-02             1.36316e-01
   2.23085e-03             1.91764e-02             1.36316e-01
   2.53003e-03             1.91400e-02             1.36316e-01
   2.82309e-03             1.91013e-02             1.36316e-01
   3.12210e-03             1.90550e-02             1.36316e-01
   3.41776e-03             1.90052e-02             1.36316e-01
   3.70829e-03             1.89528e-02             1.36316e-01
   4.00685e-03             1.88917e-02             1.36316e-01
   4.29758e-03             1.88291e-02             1.36316e-01
   4.58886e-03             1.87611e-02             1.36316e-01
   4.88332e-03             1.86867e-02             1.36316e-01
   5.16693e-03             1.86121e-02             1.36316e-01
   5.46091e-03             1.85277e-02             1.36316e-01
   5.75009e-03             1.84404e-02             1.36316e-01
   6.02752e-03             1.83531e-02             1.36316e-01
   6.32500e-03             1.82519e-02             1.36316e-01
   6.60743e-03             1.81522e-02             1.36316e-01
   6.88788e-03             1.80482e-02             1.36316e-01
   7.19491e-03             1.79273e-02             1.36316e-01
   7.49016e-03             1.78064e-02             1.36316e-01
   7.83374e-03             1.76590e-02             1.36316e-01