9.56921e-03             1.67360e-02             1.00000e-01
   9.89157e-03             1.65463e-02             1.00000e-01
   1.01639e-02             1.63798e-02             1.00000e-01
   1.04432e-02             1.62038e-02             1.00000e-01
   1.06931e-02             1.60393e-02             1.00000e-01
   1.09408e-02             1.58706e-02             1.00000e-01
   1.11987e-02             1.56907e-02             1.00000e-01
   1.14333e-02             1.55187e-02             1.00000e-01
   1.16751e-02             1.53373e-02             1.00000e-01
   1.19173e-02             1.51503e-02             1.00000e-01
   1.21455e-02             1.49659e-02             1.00000e-01
   1.23799e-02             1.47725e-02             1.00000e-01
   1.26073e-02             1.45780e-02             1.00000e-01
   1.28300e-02             1.43807e-02             1.00000e-01
   1.30562e-02             1.41762e-02             1.00000e-01
   1.32706e-02             1.39731e-02             1.00000e-01
   1.34860e-02             1.37643e-02             1.00000e-01
   1.37005e-02             1.35507e-02             1.00000e-01
   1.39053e-02             1.33374e-02             1.00000e-01
   1.41120e-02             1.31178e-02             1.00000e-01
   1.43132e-02             1.28963e-02             1.00000e-01
   1.45097e-02             1.26723e-02             1.00000e-01
   1.47069e-02             1.24428e-02             1.00000e-01
   1.48951e-02             1.22133e-02             1.00000e-01
   1.50822e-02             1.19794e-02             1.00000e-01
   1.52675e-02             1.17415e-02             1.00000e-01
   1.54446e-02             1.15034e-02             1.00000e-01
   1.56217e-02             1.12603e-02             1.00000e-01
   1.57935e-02             1.10153e-02             1.00000e-01
   1.59605e-02             1.07682e-02             1.00000e-01
   1.61268e-02             1.05166e-02             1.00000e-01
   1.62851e-02             1.02647e-02             1.00000e-01
   1.64414e-02             1.00093e-02             1.00000e-01
   1.65951e-02             9.75066e-03             1.00000e-01
   1.67412e-02             9.49162e-03             1.00000e-01
   1.68862e-02             9.22864e-03             1.00000e-01
   1.70259e-02             8.96404e-03             1.00000e-01
   1.71607e-02             8.69772e-03             1.00000e-01
   1.72939e-02             8.42782e-03             1.00000e-01
   1.74196e-02             8.15773e-03             1.00000e-01
   1.75426e-02             7.88481e-03             1.00000e-01
   1.76625e-02             7.60928e-03             1.00000e-01
   1.77752e-02             7.33358e-03             1.00000e-01
   1.78859e-02             7.05474e-03             1.00000e-01
   1.79914e-02             6.77471e-03             1.00000e-01
   1.80918e-02             6.49344e-03             1.00000e-01
   1.81899e-02             6.20936e-03             1.00000e-01
   1.82809e-02             5.92536e-03             1.00000e-01
   1.83687e-02             5.63921e-03             1.00000e-01
   1.84530e-02             5.35109e-03             1.00000e-01
   1.85303e-02             5.06314e-03             1.00000e-01
   1.86052e-02             4.77281e-03             1.00000e-01
   1.86747e-02             4.48176e-03             1.00000e-01
   1.87391e-02             4.19001e-03             1.00000e-01
   1.88008e-02             3.89615e-03             1.00000e-01
   1.88555e-02             3.60277e-03             1.00000e-01
   1.89067e-02             3.30790e-03             1.00000e-01
   1.89542e-02             3.01169e-03             1.00000e-01
   1.89949e-02             2.71609e-03             1.00000e-01
   1.90327e-02             2.41879e-03             1.00000e-01
   1.90652e-02             2.12132e-03             1.00000e-01
   1.90925e-02             1.82370e-03             1.00000e-01
   1.91169e-02             1.52467e-03             1.00000e-01
   1.91344e-02             1.22655e-03             1.00000e-01
   1.91482e-02             9.27612e-04             1.00000e-01
   1.91583e-02             6.27959e-04             1.00000e-01
   1.91615e-02             3.29388e-04             1.00000e-01
   1.91618e-02             2.98091e-05             1.00000e-01
   1.91568e-02            -2.69392e-04             1.00000e-01
   1.91466e-02            -5.68173e-04             1.00000e-01
   1.91333e-02            -8.67706e-04             1.00000e-01
   1.91133e-02            -1.16582e-03             1.00000e-01
   1.90895e-02            -1.46413e-03             1.00000e-01
   1.90619e-02            -1.76253e-03             1.00000e-01
   1.90277e-02            -2.05932e-03             1.00000e-01
   1.89904e-02            -2.35648e-03             1.00000e-01
   1.89480e-02            -2.65269e-03             1.00000e-01
   1.89003e-02            -2.94791e-03             1.00000e-01
   1.88496e-02            -3.24325e-03             1.00000e-01
   1.87924e-02            -3.53664e-03             1.00000e-01
   1.87314e-02            -3.82961e-03             1.00000e-01
   1.86667e-02            -4.12206e-03             1.00000e-01
   1.85955e-02            -4.41239e-03             1.00000e-01
   1.85213e-02            -4.70245e-03             1.00000e-01
   1.84421e-02            -4.99100e-03             1.00000e-01
   1.83578e-02            -5.27799e-03             1.00000e-01
   1.82705e-02            -5.56449e-03             1.00000e-01
   1.81769e-02            -5.84852e-03             1.00000e-01
   1.80797e-02            -6.13153e-03             1.00000e-01
   1.79788e-02            -6.41345e-03             1.00000e-01
   1.78718e-02            -6.69270e-03             1.00000e-01
   1.77618e-02            -6.97110e-03             1.00000e-01
   1.76470e-02            -7.24744e-03             1.00000e-01
   1.75274e-02            -7.52167e-03             1.00000e-01
   1.74050e-02            -7.79484e-03             1.00000e-01
   1.72765e-02            -8.06500e-03             1.00000e-01
   1.71445e-02            -8.33359e-03             1.00000e-01
   1.70092e-02            -8.60055e-03             1.00000e-01
   1.68679e-02            -8.86430e-03             1.00000e-01
   1.67240e-02            -9.12666e-03             1.00000e-01
   1.65755e-02            -9.38644e-03             1.00000e-01
   1.64224e-02            -9.64357e-03             1.00000e-01
   1.62667e-02            -9.89911e-03             1.00000e-01
   1.61053e-02            -1.01511e-02             1.00000e-01
   1.59408e-02            -1.04011e-02             1.00000e-01
   1.57731e-02            -1.06489e-02             1.00000e-01
   1.55998e-02            -1.08929e-02             1.00000e-01
   1.54242e-02            -1.11351e-02             1.00000e-01
   1.52442e-02            -1.13742e-02             1.00000e-01
   1.50601e-02            -1.16102e-02             1.00000e-01
   1.48737e-02            -1.18441e-02             1.00000e-01
   1.46819e-02            -1.20740e-02             1.00000e-01
   1.44873e-02            -1.23014e-02             1.00000e-01
   1.42900e-02            -1.25261e-02             1.00000e-01
   1.40874e-02            -1.27466e-02             1.00000e-01
   1.38828e-02            -1.29648e-02             1.00000e-01
   1.36744e-02            -1.31795e-02             1.00000e-01
   1.34620e-02            -1.33906e-02             1.00000e-01
   1.32479e-02            -1.35992e-02             1.00000e-01
   1.30287e-02            -1.38033e-02             1.00000e-01
   1.28072e-02            -1.40045e-02             1.00000e-01
   1.25833e-02            -1.42026e-02             1.00000e-01
   1.23545e-02            -1.43961e-02             1.00000e-01
   1.21243e-02            -1.45869e-02             1.00000e-01
   1.18906e-02            -1.47738e-02             1.00000e-01
   1.16534e-02            -1.49566e-02             1.00000e-01
   1.14149e-02            -1.51367e-02             1.00000e-01
   1.11718e-02            -1.53118e-02             1.00000e-01
   1.09267e-02            -1.54836e-02             1.00000e-01
   1.06800e-02            -1.56520e-02             1.00000e-01
   1.04286e-02            -1.58154e-02             1.00000e-01
   1.01763e-02            -1.59758e-02             1.00000e-01
   9.92097e-03            -1.61319e-02             1.00000e-01
   9.66265e-03            -1.62836e-02             1.00000e-01
   9.40369e-03            -1.64323e-02             1.00000e-01
   9.14035e-03            -1.65756e-02             1.00000e-01
   8.87571e-03            -1.67153e-02             1.00000e-01
   8.60992e-03            -1.68515e-02             1.00000e-01
   8.33985e-03            -1.69821e-02             1.00000e-01
   8.06952e-03            -1.71096e-02             1.00000e-01
   7.79666e-03            -1.72325e-02             1.00000e-01
   7.52126e-03            -1.73506e-02             1.00000e-01
   7.24588e-03            -1.74656e-02             1.00000e-01
   6.96649e-03            -1.75748e-02             1.00000e-01
   6.68641e-03            -1.76803e-02             1.00000e-01
   6.40583e-03            -1.77820e-02             1.00000e-01
   6.12128e-03            -1.78778e-02             1.00000e-01
   5.83720e-03            -1.79704e-02             1.00000e-01
   5.55110e-03            -1.80581e-02             1.00000e-01
   5.26292e-03            -1.81408e-02             1.00000e-01
   4.97554e-03            -1.82203e-02             1.00000e-01
   4.68445e-03            -1.82937e-02             1.00000e-01
   4.39334e-03            -1.83632e-02             1.00000e-01
   4.10244e-03            -1.84289e-02             1.00000e-01
   3.80783e-03            -1.84884e-02             1.00000e-01
   3.51451e-03            -1.85445e-02             1.00000e-01
   3.21967e-03            -1.85957e-02             1.00000e-01
   2.92321e-03            -1.86417e-02             1.00000e-01
   2.62845e-03            -1.86844e-02             1.00000e-01
   2.33016e-03            -1.87209e-02             1.00000e-01
   2.03259e-03            -1.87533e-02             1.00000e-01
   1.73606e-03            -1.87820e-02             1.00000e-01
   1.43591e-03            -1.88041e-02             1.00000e-01
   1.13802e-03            -1.88230e-02             1.00000e-01
   8.39097e-04            -1.88368e-02             1.00000e-01
   5.38939e-04            -1.88453e-02             1.00000e-01
   2.41562e-04            -1.88507e-02             1.00000e-01
  -5.93374e-05            -1.88495e-02             1.00000e-01
  -3.58693e-04            -1.88444e-02             1.00000e-01
  -6.56045e-04            -1.88357e-02             1.00000e-01
  -9.57211e-04            -1.88200e-02             1.00000e-01
  -1.25491e-03            -1.88014e-02             1.00000e-01
  -1.55320e-03            -1.87776e-02             1.00000e-01
  -1.85248e-03            -1.87483e-02             1.00000e-01
  -2.14757e-03            -1.87165e-02             1.00000e-01
  -2.44656e-03            -1.86775e-02             1.00000e-01
  -2.74306e-03            -1.86348e-02             1.00000e-01
  -3.03628e-03            -1.85890e-02             1.00000e-01
  -3.33412e-03            -1.85355e-02             1.00000e-01
  -3.62683e-03            -1.84798e-02             1.00000e-01
  -3.91979e-03            -1.84188e-02             1.00000e-01
  -4.21383e-03            -1.83520e-02             1.00000e-01
  -4.50157e-03            -1.82837e-02             1.00000e-01
  -4.79446e-03            -1.82072e-02             1.00000e-01
  -5.08366e-03            -1.81275e-02             1.00000e-01
  -5.36748e-03            -1.80457e-02             1.00000e-01
  -5.65842e-03            -1.79546e-02             1.00000e-01
  -5.94142e-03            -1.78627e-02             1.00000e-01
  -6.22443e-03            -1.77654e-02             1.00000e-01
  -6.50994e-03            -1.76614e-02             1.00000e-01
  -6.78464e-03            -1.75583e-02             1.00000e-01
  -7.06868e-03            -1.74445e-02             1.00000e-01
  -7.34764e-03            -1.73282e-02             1.00000e-01
  -7.61492e-03            -1.72132e-02             1.00000e-01
  -7.90073e-03            -1.70822e-02             1.00000e-01
  -8.17171e-03            -1.69543e-02             1.00000e-01
  -8.44030e-03            -1.68224e-02             1.00000e-01
  -8.73363e-03            -1.66709e-02             1.00000e-01
  -9.01525e-03            -1.65207e-02             1.00000e-01
  -9.34228e-03            -1.63391e-02             1.00000e-01
  -9.66463e-03            -1.61494e-02             1.00000e-01
  -9.93692e-03            -1.59829e-02             1.00000e-01
  -1.02163e-02            -1.58069e-02             1.00000e-01
  -1.04662e-02            -1.56424e-02             1.00000e-01
  -1.07139e-02            -1.54737e-02             1.00000e-01
  -1.09717e-02            -1.52938e-02             1.00000e-01
  -1.12064e-02            -1.51218e-02             1.00000e-01
  -1.14481e-02            -1.49404e-02             1.00000e-01
  -1.16903e-02            -1.47534e-02             1.00000e-01
  -1.19185e-02            -1.45690e-02             1.00000e-01
  -1.21530e-02            -1.43756e-02             1.00000e-01
  -1.23803e-02            -1.41811e-02             1.00000e-01
  -1.26031e-02            -1.39838e-02             1.00000e-01
  -1.28292e-02            -1.37793e-02             1.00000e-01
  -1.30437e-02            -1.35762e-02             1.00000e-01
  -1.32590e-02            -1.33674e-02             1.00000e-01
  -1.34735e-02            -1.31538e-02             1.00000e-01
  -1.36784e-02            -1.29405e-02             1.00000e-01
  -1.38851e-02            -1.27209e-02             1.00000e-01
  -1.40862e-02            -1.24994e-02             1.00000e-01
  -1.42827e-02            -1.22754e-02             1.00000e-01
  -1.44799e-02            -1.20459e-02             1.00000e-01
  -1.46681e-02            -1.18164e-02             1.00000e-01
  -1.48553e-02            -1.15825e-02             1.00000e-01
  -1.50406e-02            -1.13446e-02             1.00000e-01
  -1.52177e-02            -1.11065e-02             1.00000e-01
  -1.53947e-02            -1.08634e-02             1.00000e-01
  -1.55665e-02            -1.06184e-02             1.00000e-01
  -1.57335e-02            -1.03712e-02             1.00000e-01
  -1.58998e-02            -1.01197e-02             1.00000e-01
  -1.60582e-02            -9.86783e-03             1.00000e-01
  -1.62144e-02            -9.61244e-03             1.00000e-01
  -1.63681e-02            -9.35376e-03             1.00000e-01
  -1.65143e-02            -9.09472e-03             1.00000e-01
  -1.66592e-02            -8.83174e-03             1.00000e-01
  -1.67990e-02            -8.56713e-03             1.00000e-01
  -1.69338e-02            -8.30082e-03             1.00000e-01
  -1.70670e-02            -8.03091e-03             1.00000e-01
  -1.71927e-02            -7.76083e-03             1.00000e-01
  -1.73156e-02            -7.48791e-03             1.00000e-01
  -1.74356e-02            -7.21238e-03             1.00000e-01
  -1.75482e-02            -6.93667e-03             1.00000e-01
  -1.76590e-02            -6.65784e-03             1.00000e-01
  -1.77644e-02            -6.37781e-03             1.00000e-01
  -1.78648e-02            -6.09654e-03             1.00000e-01
  -1.79630e-02            -5.81246e-03             1.00000e-01
  -1.80540e-02            -5.52846e-03             1.00000e-01
  -1.81417e-02            -5.24231e-03             1.00000e-01
  -1.82261e-02            -4.95419e-03             1.00000e-01
  -1.83034e-02            -4.66624e-03             1.00000e-01
  -1.83782e-02            -4.37591e-03             1.00000e-01
  -1.84478e-02            -4.08486e-03             1.00000e-01
  -1.85121e-02            -3.79311e-03             1.00000e-01
  -1.85739e-02            -3.49925e-03             1.00000e-01
  -1.86286e-02            -3.20586e-03             1.00000e-01
  -1.86797e-02            -2.91100e-03             1.00000e-01
  -1.87273e-02            -2.61479e-03             1.00000e-01
  -1.87679e-02            -2.31918e-03             1.00000e-01
  -1.88058e-02            -2.02189e-03             1.00000e-01
  -1.88383e-02            -1.72442e-03             1.00000e-01
  -1.88656e-02            -1.42680e-03             1.00000e-01
  -1.88900e-02            -1.12777e-03             1.00000e-01
  -1.89075e-02            -8.29653e-04             1.00000e-01
  -1.89213e-02            -5.30710e-04             1.00000e-01
  -1.89313e-02            -2.31057e-04             1.00000e-01
  -1.89346e-02             6.75137e-05             1.00000e-01
  -1.89349e-02             3.67093e-04             1.00000e-01
  -1.89299e-02             6.66294e-04             1.00000e-01
  -1.89196e-02             9.65075e-04             1.00000e-01
  -1.89063e-02             1.26461e-03             1.00000e-01
  -1.88863e-02             1.56272e-03             1.00000e-01
  -1.88625e-02             1.86103e-03             1.00000e-01
  -1.88350e-02             2.15943e-03             1.00000e-01
  -1.88008e-02             2.45623e-03             1.00000e-01
  -1.87635e-02             2.75338e-03             1.00000e-01
  -1.87210e-02             3.04960e-03             1.00000e-01
  -1.86734e-02             3.34481e-03             1.00000e-01
  -1.86227e-02             3.64015e-03             1.00000e-01
  -1.85655e-02             3.93354e-03             1.00000e-01
  -1.85045e-02             4.22651e-03             1.00000e-01
  -1.84398e-02             4.51897e-03             1.00000e-01
  -1.83686e-02             4.80929e-03             1.00000e-01
  -1.82944e-02             5.09935e-03             1.00000e-01
  -1.82151e-02             5.38790e-03             1.00000e-01
  -1.81308e-02             5.67490e-03             1.00000e-01
  -1.80436e-02             5.96139e-03             1.00000e-01
  -1.79500e-02             6.24542e-03             1.00000e-01
  -1.78527e-02             6.52843e-03             1.00000e-01
  -1.77519e-02             6.81035e-03             1.00000e-01
  -1.76449e-02             7.08960e-03             1.00000e-01
  -1.75349e-02             7.36800e-03             1.00000e-01
  -1.74201e-02             7.64435e-03             1.00000e-01
  -1.73005e-02             7.91857e-03             1.00000e-01
  -1.71780e-02             8.19174e-03             1.00000e-01
  -1.70495e-02             8.46190e-03             1.00000e-01
  -1.69176e-02             8.73049e-03             1.00000e-01
  -1.67823e-02             8.99745e-03             1.00000e-01
  -1.66410e-02             9.26120e-03             1.00000e-01
  -1.64971e-02             9.52356e-03             1.00000e-01
  -1.63485e-02             9.78334e-03             1.00000e-01
  -1.61954e-02             1.00405e-02             1.00000e-01
  -1.60398e-02             1.02960e-02             1.00000e-01
  -1.58784e-02             1.05480e-02             1.00000e-01
  -1.57138e-02             1.07980e-02             1.00000e-01
  -1.55462e-02             1.10458e-02             1.00000e-01
  -1.53729e-02             1.12898e-02             1.00000e-01
  -1.51972e-02             1.15320e-02             1.00000e-01
  -1.50173e-02             1.17711e-02             1.00000e-01
  -1.48332e-02             1.20071e-02             1.00000e-01
  -1.46468e-02             1.22410e-02             1.00000e-01
  -1.44550e-02             1.24709e-02             1.00000e-01
  -1.42604e-02             1.26983e-02             1.00000e-01
  -1.40631e-02             1.29230e-02             1.00000e-01
  -1.38605e-02             1.31435e-02             1.00000e-01
  -1.36559e-02             1.33617e-02             1.00000e-01
  -1.34474e-02             1.35764e-02             1.00000e-01
  -1.32351e-02             1.37875e-02             1.00000e-01
  -1.30210e-02             1.39961e-02             1.00000e-01
  -1.28018e-02             1.42002e-02             1.00000e-01
  -1.25802e-02             1.44014e-02             1.00000e-01
  -1.23564e-02             1.45995e-02             1.00000e-01
  -1.21276e-02             1.47930e-02             1.00000e-01
  -1.18974e-02             1.49838e-02             1.00000e-01
  -1.16636e-02             1.51707e-02             1.00000e-01
  -1.14264e-02             1.53535e-02             1.00000e-01
  -1.11880e-02             1.55336e-02             1.00000e-01
  -1.09448e-02             1.57087e-02             1.00000e-01
  -1.06998e-02             1.58805e-02             1.00000e-01
  -1.04530e-02             1.60489e-02             1.00000e-01
  -1.02016e-02             1.62123e-02             1.00000e-01
  -9.94934e-03             1.63727e-02             1.00000e-01
  -9.69403e-03             1.65288e-02             1.00000e-01
  -9.43572e-03             1.66805e-02             1.00000e-01
  -9.17675e-03             1.68292e-02             1.00000e-01
  -8.91341e-03             1.69725e-02             1.00000e-01
  -8.64877e-03             1.71122e-02             1.00000e-01
  -8.38298e-03             1.72484e-02             1.00000e-01
  -8.11291e-03             1.73790e-02             1.00000e-01
  -7.84258e-03             1.75065e-02             1.00000e-01
  -7.56972e-03             1.76294e-02             1.00000e-01
  -7.29432e-03             1.77475e-02             1.00000e-01
  -7.01895e-03             1.78625e-02             1.00000e-01
  -6.73955e-03             1.79717e-02             1.00000e-01
  -6.45948e-03             1.80772e-02             1.00000e-01
  -6.17889e-03             1.81789e-02             1.00000e-01
  -5.89434e-03             1.82747e-02             1.00000e-01
  -5.61026e-03             1.83673e-02             1.00000e-01
  -5.32416e-03             1.84550e-02             1.00000e-01
  -5.03598e-03             1.85377e-02             1.00000e-01
  -4.74861e-03             1.86172e-02             1.00000e-01
  -4.45751e-03             1.86906e-02             1.00000e-01
  -4.16640e-03             1.87601e-02             1.00000e-01
  -3.87550e-03             1.88258e-02             1.00000e-01
  -3.58089e-03             1.88853e-02             1.00000e-01
  -3.28757e-03             1.89414e-02             1.00000e-01
  -2.99273e-03             1.89926e-02             1.00000e-01
  -2.69627e-03             1.90386e-02             1.00000e-01
  -2.40151e-03             1.90813e-02             1.00000e-01
  -2.10322e-03             1.91178e-02             1.00000e-01
  -1.80566e-03             1.91502e-02             1.00000e-01
  -1.50912e-03             1.91789e-02             1.00000e-01
  -1.20897e-03             1.92010e-02             1.00000e-01
  -9.11084e-04             1.92199e-02             1.00000e-01
  -6.12159e-04             1.92337e-02             1.00000e-01
  -3.12001e-04             1.92422e-02             1.00000e-01
  -1.46238e-05             1.92476e-02             1.00000e-01
   2.86275e-04             1.92464e-02             1.00000e-01
   5.85631e-04             1.92413e-02             1.00000e-01
   8.82983e-04             1.92326e-02             1.00000e-01
   1.18415e-03             1.92169e-02             1.00000e-01
   1.48184e-03             1.91983e-02             1.00000e-01
   1.78014e-03             1.91745e-02             1.00000e-01
   2.07941e-03             1.91452e-02             1.00000e-01
   2.37451e-03             1.91134e-02             1.00000e-01
   2.67350e-03             1.90744e-02             1.00000e-01
   2.97000e-03             1.90317e-02             1.00000e-01
   3.26322e-03             1.89859e-02             1.00000e-01
   3.56105e-03             1.89324e-02             1.00000e-01
   3.85377e-03             1.88767e-02             1.00000e-01
   4.14673e-03             1.88157e-02             1.00000e-01
   4.44077e-03             1.87489e-02             1.00000e-01
   4.72850e-03             1.86806e-02             1.00000e-01
   5.02140e-03             1.86041e-02             1.00000e-01
   5.31059e-03             1.85244e-02             1.00000e-01
   5.59442e-03             1.84426e-02             1.00000e-01
   5.88536e-03             1.83515e-02             1.00000e-01
   6.16836e-03             1.82596e-02             1.00000e-01
   6.45137e-03             1.81623e-02             1.00000e-01
   6.73688e-03             1.80583e-02             1.00000e-01
   7.01158e-03             1.79552e-02             1.00000e-01
   7.29562e-03             1.78414e-02             1.00000e-01
   7.57458e-03             1.77251e-02             1.00000e-01
   7.84185e-03             1.76101e-02             1.00000e-01
   8.12766e-03             1.74791e-02             1.00000e-01
   8.39865e-03             1.73512e-02             1.00000e-01
   8.66724e-03             1.72193e-02             1.00000e-01
   8.96057e-03             1.70678e-02             1.00000e-01
   9.24219e-03             1.69176e-02             1.00000e-01
   9.56921e-03             1.67360e-02             1.00000e-01