1.10950e-03             4.34750e-02             5.35789e-01
   1.11206e-03             4.34670e-02             5.35789e-01
   1.11717e-03             4.34511e-02             5.35789e-01
   1.12484e-03             4.34272e-02             5.35789e-01
   1.13506e-03             4.33953e-02             5.35789e-01
   1.14783e-03             4.33555e-02             5.35789e-01
   1.16461e-03             4.33077e-02             5.35789e-01
   1.18426e-03             4.32520e-02             5.35789e-01
   1.20672e-03             4.31884e-02             5.35789e-01
   1.23196e-03             4.31168e-02             5.35789e-01
   1.25998e-03             4.30374e-02             5.35789e-01
   1.29192e-03             4.29501e-02             5.35789e-01
   1.32743e-03             4.28549e-02             5.35789e-01
   1.36587e-03             4.27518e-02             5.35789e-01
   1.40721e-03             4.26410e-02             5.35789e-01
   1.45145e-03             4.25224e-02             5.35789e-01
   1.49852e-03             4.23961e-02             5.35789e-01
   1.54841e-03             4.22620e-02             5.35789e-01
   1.60115e-03             4.21203e-02             5.35789e-01
   1.65674e-03             4.19709e-02             5.35789e-01
   1.71516e-03             4.18139e-02             5.35789e-01
   1.77391e-03             4.16494e-02             5.35789e-01
   1.83395e-03             4.14774e-02             5.35789e-01
   1.89661e-03             4.12979e-02             5.35789e-01
   1.96186e-03             4.11110e-02             5.35789e-01
   2.02969e-03             4.09167e-02             5.35789e-01
   2.09378e-03             4.07152e-02             5.35789e-01
   2.15932e-03             4.05064e-02             5.35789e-01
   2.22712e-03             4.02904e-02             5.35789e-01
   2.29719e-03             4.00673e-02             5.35789e-01
   2.36822e-03             3.98370e-02             5.35789e-01
   2.43453e-03             3.95998e-02             5.35789e-01
   2.50280e-03             3.93557e-02             5.35789e-01
   2.57301e-03             3.91045e-02             5.35789e-01
   2.64514e-03             3.88465e-02             5.35789e-01
   2.71670e-03             3.85818e-02             5.35789e-01
   2.78648e-03             3.83104e-02             5.35789e-01
   2.85798e-03             3.80323e-02             5.35789e-01
   2.93117e-03             3.77475e-02             5.35789e-01
   3.00605e-03             3.74563e-02             5.35789e-01
   3.07966e-03             3.71586e-02             5.35789e-01
   3.15316e-03             3.68546e-02             5.35789e-01
   3.22819e-03             3.65442e-02             5.35789e-01
   3.30473e-03             3.62276e-02             5.35789e-01
   3.38276e-03             3.59049e-02             5.35789e-01
   3.45828e-03             3.55761e-02             5.35789e-01
   3.53455e-03             3.52414e-02             5.35789e-01
   3.61217e-03             3.49008e-02             5.35789e-01
   3.69112e-03             3.45543e-02             5.35789e-01
   3.77092e-03             3.42020e-02             5.35789e-01
   3.84783e-03             3.38442e-02             5.35789e-01
   3.92593e-03             3.34809e-02             5.35789e-01
   4.00521e-03             3.31120e-02             5.35789e-01
   4.08565e-03             3.27378e-02             5.35789e-01
   4.16553e-03             3.23582e-02             5.35789e-01
   4.24333e-03             3.19736e-02             5.35789e-01
   4.32216e-03             3.15838e-02             5.35789e-01
   4.40201e-03             3.11891e-02             5.35789e-01
   4.48286e-03             3.07894e-02             5.35789e-01
   4.56142e-03             3.03850e-02             5.35789e-01
   4.63894e-03             2.99759e-02             5.35789e-01
   4.71733e-03             2.95622e-02             5.35789e-01
   4.79658e-03             2.91439e-02             5.35789e-01
   4.87666e-03             2.87213e-02             5.35789e-01
   4.95193e-03             2.82945e-02             5.35789e-01
   5.02748e-03             2.78635e-02             5.35789e-01
   5.10374e-03             2.74284e-02             5.35789e-01
   5.18071e-03             2.69893e-02             5.35789e-01
   5.25649e-03             2.65464e-02             5.35789e-01
   5.32748e-03             2.60999e-02             5.35789e-01
   5.39905e-03             2.56497e-02             5.35789e-01
   5.47118e-03             2.51959e-02             5.35789e-01
   5.54387e-03             2.47387e-02             5.35789e-01
   5.61116e-03             2.42784e-02             5.35789e-01
   5.67536e-03             2.38149e-02             5.35789e-01
   5.73999e-03             2.33483e-02             5.35789e-01
   5.80503e-03             2.28788e-02             5.35789e-01
   5.87031e-03             2.24064e-02             5.35789e-01
   5.92624e-03             2.19315e-02             5.35789e-01
   5.98248e-03             2.14540e-02             5.35789e-01
   6.03902e-03             2.09739e-02             5.35789e-01
   6.09584e-03             2.04915e-02             5.35789e-01
   6.14870e-03             2.00069e-02             5.35789e-01
   6.19589e-03             1.95203e-02             5.35789e-01
   6.24328e-03             1.90317e-02             5.35789e-01
   6.29086e-03             1.85412e-02             5.35789e-01
   6.33861e-03             1.80488e-02             5.35789e-01
   6.37795e-03             1.75551e-02             5.35789e-01
   6.41569e-03             1.70598e-02             5.35789e-01
   6.45354e-03             1.65631e-02             5.35789e-01
   6.49149e-03             1.60651e-02             5.35789e-01
   6.52693e-03             1.55660e-02             5.35789e-01
   6.55477e-03             1.50660e-02             5.35789e-01
   6.58267e-03             1.45651e-02             5.35789e-01
   6.61061e-03             1.40634e-02             5.35789e-01
   6.63859e-03             1.35611e-02             5.35789e-01
   6.65954e-03             1.30583e-02             5.35789e-01
   6.67708e-03             1.25552e-02             5.35789e-01
   6.69462e-03             1.20518e-02             5.35789e-01
   6.71217e-03             1.15481e-02             5.35789e-01
   6.72870e-03             1.10445e-02             5.35789e-01
   6.73577e-03             1.05412e-02             5.35789e-01
   6.74283e-03             1.00380e-02             5.35789e-01
   6.74988e-03             9.53516e-03             5.35789e-01
   6.75693e-03             9.03275e-03             5.35789e-01
   6.75860e-03             8.53104e-03             5.35789e-01
   6.75536e-03             8.03013e-03             5.35789e-01
   6.75213e-03             7.53003e-03             5.35789e-01
   6.74890e-03             7.03086e-03             5.35789e-01
   6.74569e-03             6.53274e-03             5.35789e-01
   6.73229e-03             6.03606e-03             5.35789e-01
   6.71838e-03             5.54068e-03             5.35789e-01
   6.70452e-03             5.04673e-03             5.35789e-01
   6.69069e-03             4.55431e-03             5.35789e-01
   6.67287e-03             4.06366e-03             5.35789e-01
   6.64842e-03             3.57497e-03             5.35789e-01
   6.62406e-03             3.08818e-03             5.35789e-01
   6.59981e-03             2.60341e-03             5.35789e-01
   6.57566e-03             2.12078e-03             5.35789e-01
   6.54311e-03             1.64064e-03             5.35789e-01
   6.50866e-03             1.16292e-03             5.35789e-01
   6.47438e-03             6.87707e-04             5.35789e-01
   6.44029e-03             2.15105e-04             5.35789e-01
   6.40391e-03            -2.54704e-04             5.35789e-01
   6.35957e-03            -7.21457e-04             5.35789e-01
   6.31551e-03            -1.18525e-03             5.35789e-01
   6.27174e-03            -1.64597e-03             5.35789e-01
   6.22828e-03            -2.10350e-03             5.35789e-01
   6.17800e-03            -2.55754e-03             5.35789e-01
   6.12449e-03            -3.00809e-03             5.35789e-01
   6.07139e-03            -3.45510e-03             5.35789e-01
   6.01872e-03            -3.89849e-03             5.35789e-01
   5.96545e-03            -4.33811e-03             5.35789e-01
   5.90244e-03            -4.77362e-03             5.35789e-01
   5.84000e-03            -5.20517e-03             5.35789e-01
   5.77816e-03            -5.63266e-03             5.35789e-01
   5.71691e-03            -6.05598e-03             5.35789e-01
   5.65038e-03            -6.47488e-03             5.35789e-01
   5.57927e-03            -6.88927e-03             5.35789e-01
   5.50893e-03            -7.29919e-03             5.35789e-01
   5.43937e-03            -7.70453e-03             5.35789e-01
   5.37062e-03            -8.10519e-03             5.35789e-01
   5.29156e-03            -8.50080e-03             5.35789e-01
   5.21308e-03            -8.89152e-03             5.35789e-01
   5.13559e-03            -9.27729e-03             5.35789e-01
   5.05913e-03            -9.65799e-03             5.35789e-01
   4.97868e-03            -1.00334e-02             5.35789e-01
   4.89218e-03            -1.04034e-02             5.35789e-01
   4.80693e-03            -1.07681e-02             5.35789e-01
   4.72295e-03            -1.11273e-02             5.35789e-01
   4.64025e-03            -1.14810e-02             5.35789e-01
   4.54801e-03            -1.18289e-02             5.35789e-01
   4.45557e-03            -1.21710e-02             5.35789e-01
   4.36468e-03            -1.25073e-02             5.35789e-01
   4.27537e-03            -1.28378e-02             5.35789e-01
   4.18330e-03            -1.31623e-02             5.35789e-01
   4.08389e-03            -1.34805e-02             5.35789e-01
   3.98638e-03            -1.37927e-02             5.35789e-01
   3.89079e-03            -1.40987e-02             5.35789e-01
   3.79714e-03            -1.43984e-02             5.35789e-01
   3.69407e-03            -1.46916e-02             5.35789e-01
   3.59035e-03            -1.49783e-02             5.35789e-01
   3.48896e-03            -1.52586e-02             5.35789e-01
   3.38993e-03            -1.55323e-02             5.35789e-01
   3.28894e-03            -1.57994e-02             5.35789e-01
   3.17974e-03            -1.60595e-02             5.35789e-01
   3.07335e-03            -1.63130e-02             5.35789e-01
   2.96980e-03            -1.65597e-02             5.35789e-01
   2.86911e-03            -1.67995e-02             5.35789e-01
   2.75727e-03            -1.70321e-02             5.35789e-01
   2.64513e-03            -1.72577e-02             5.35789e-01
   2.53646e-03            -1.74763e-02             5.35789e-01
   2.43129e-03            -1.76879e-02             5.35789e-01
   2.32308e-03            -1.78922e-02             5.35789e-01
   2.20566e-03            -1.80891e-02             5.35789e-01
   2.09252e-03            -1.82788e-02             5.35789e-01
   1.98368e-03            -1.84613e-02             5.35789e-01
   1.87917e-03            -1.86365e-02             5.35789e-01
   1.75986e-03            -1.88039e-02             5.35789e-01
   1.64353e-03            -1.89639e-02             5.35789e-01
   1.53256e-03            -1.91166e-02             5.35789e-01
   1.42696e-03            -1.92619e-02             5.35789e-01
   1.31347e-03            -1.93994e-02             5.35789e-01
   1.19254e-03            -1.95291e-02             5.35789e-01
   1.07856e-03            -1.96513e-02             5.35789e-01
   9.71566e-04            -1.97660e-02             5.35789e-01
   8.67276e-04            -1.98732e-02             5.35789e-01
   7.42431e-04            -1.99720e-02             5.35789e-01
   6.27072e-04            -2.00634e-02             5.35789e-01
   5.21225e-04            -2.01472e-02             5.35789e-01
   4.24918e-04            -2.02234e-02             5.35789e-01
   3.04499e-04            -2.02913e-02             5.35789e-01
   1.87172e-04            -2.03514e-02             5.35789e-01
   8.44477e-05            -2.04040e-02             5.35789e-01
  -3.64902e-06            -2.04491e-02             5.35789e-01
  -1.17166e-04            -2.04856e-02             5.35789e-01
  -2.56012e-04            -2.05137e-02             5.35789e-01
  -3.60177e-04            -2.05348e-02             5.35789e-01
  -4.29634e-04            -2.05488e-02             5.35789e-01
  -4.64367e-04            -2.05558e-02             5.35789e-01
  -5.42047e-04            -2.05459e-02             5.35789e-01
  -6.97387e-04            -2.05261e-02             5.35789e-01
  -8.35780e-04            -2.04989e-02             5.35789e-01
  -8.72034e-04            -2.04664e-02             5.35789e-01
  -9.17335e-04            -2.04257e-02             5.35789e-01
  -9.71671e-04            -2.03770e-02             5.35789e-01
  -1.03503e-03            -2.03202e-02             5.35789e-01
  -1.08073e-03            -2.02559e-02             5.35789e-01
  -1.10586e-03            -2.01844e-02             5.35789e-01
  -1.13375e-03            -2.01049e-02             5.35789e-01
  -1.16441e-03            -2.00176e-02             5.35789e-01
  -1.19783e-03            -1.99225e-02             5.35789e-01
  -1.22881e-03            -1.98197e-02             5.35789e-01
  -1.24730e-03            -1.97094e-02             5.35789e-01
  -1.26708e-03            -1.95914e-02             5.35789e-01
  -1.28816e-03            -1.94658e-02             5.35789e-01
  -1.31052e-03            -1.93324e-02             5.35789e-01
  -1.33349e-03            -1.91914e-02             5.35789e-01
  -1.34247e-03            -1.90432e-02             5.35789e-01
  -1.35190e-03            -1.88875e-02             5.35789e-01
  -1.36179e-03            -1.87242e-02             5.35789e-01
  -1.37214e-03            -1.85535e-02             5.35789e-01
  -1.38293e-03            -1.83753e-02             5.35789e-01
  -1.38335e-03            -1.81901e-02             5.35789e-01
  -1.38195e-03            -1.79975e-02             5.35789e-01
  -1.38051e-03            -1.77977e-02             5.35789e-01
  -1.37901e-03            -1.75907e-02             5.35789e-01
  -1.37746e-03            -1.73765e-02             5.35789e-01
  -1.37048e-03            -1.71552e-02             5.35789e-01
  -1.36023e-03            -1.69271e-02             5.35789e-01
  -1.34968e-03            -1.66918e-02             5.35789e-01
  -1.33881e-03            -1.64497e-02             5.35789e-01
  -1.32763e-03            -1.62007e-02             5.35789e-01
  -1.31407e-03            -1.59448e-02             5.35789e-01
  -1.29663e-03            -1.56824e-02             5.35789e-01
  -1.27875e-03            -1.54132e-02             5.35789e-01
  -1.26042e-03            -1.51374e-02             5.35789e-01
  -1.24166e-03            -1.48550e-02             5.35789e-01
  -1.22228e-03            -1.45661e-02             5.35789e-01
  -1.19957e-03            -1.42709e-02             5.35789e-01
  -1.17638e-03            -1.39694e-02             5.35789e-01
  -1.15270e-03            -1.36615e-02             5.35789e-01
  -1.12854e-03            -1.33475e-02             5.35789e-01
  -1.10392e-03            -1.30274e-02             5.35789e-01
  -1.07741e-03            -1.27012e-02             5.35789e-01
  -1.04989e-03            -1.23692e-02             5.35789e-01
  -1.02188e-03            -1.20312e-02             5.35789e-01
  -9.93395e-04            -1.16874e-02             5.35789e-01
  -9.64434e-04            -1.13380e-02             5.35789e-01
  -9.34639e-04            -1.09829e-02             5.35789e-01
  -9.03775e-04            -1.06223e-02             5.35789e-01
  -8.72446e-04            -1.02563e-02             5.35789e-01
  -8.40658e-04            -9.88490e-03             5.35789e-01
  -8.08420e-04            -9.50825e-03             5.35789e-01
  -7.75731e-04            -9.12643e-03             5.35789e-01
  -7.42257e-04            -8.73954e-03             5.35789e-01
  -7.08351e-04            -8.34768e-03             5.35789e-01
  -6.74023e-04            -7.95093e-03             5.35789e-01
  -6.39281e-04            -7.54940e-03             5.35789e-01
  -6.04134e-04            -7.14318e-03             5.35789e-01
  -5.68640e-04            -6.73237e-03             5.35789e-01
  -5.32786e-04            -6.31708e-03             5.35789e-01
  -4.96553e-04            -5.89741e-03             5.35789e-01
  -4.59951e-04            -5.47346e-03             5.35789e-01
  -4.22988e-04            -5.04533e-03             5.35789e-01
  -3.85874e-04            -4.61314e-03             5.35789e-01
  -3.48921e-04            -4.17696e-03             5.35789e-01
  -3.11640e-04            -3.73694e-03             5.35789e-01
  -2.74042e-04            -3.29317e-03             5.35789e-01
  -2.36137e-04            -2.84576e-03             5.35789e-01
  -1.97932e-04            -2.39483e-03             5.35789e-01
  -1.60314e-04            -1.94046e-03             5.35789e-01
  -1.22505e-04            -1.48278e-03             5.35789e-01
  -8.44315e-05            -1.02192e-03             5.35789e-01
  -4.61041e-05            -5.57981e-04             5.35789e-01
  -7.53217e-06            -9.10806e-05             5.35789e-01
   3.08171e-05             3.78677e-04             5.35789e-01
   6.90016e-05             8.51175e-04             5.35789e-01
   1.07397e-04             1.32629e-03             5.35789e-01
   1.45995e-04             1.80390e-03             5.35789e-01
   1.84785e-04             2.28388e-03             5.35789e-01
   2.23592e-04             2.76613e-03             5.35789e-01
   2.61763e-04             3.25055e-03             5.35789e-01
   3.00092e-04             3.73698e-03             5.35789e-01
   3.38572e-04             4.22532e-03             5.35789e-01
   3.77192e-04             4.71544e-03             5.35789e-01
   4.15942e-04             5.20721e-03             5.35789e-01
   4.54557e-04             5.70054e-03             5.35789e-01
   4.93217e-04             6.19528e-03             5.35789e-01
   5.31978e-04             6.69132e-03             5.35789e-01
   5.70831e-04             7.18853e-03             5.35789e-01
   6.09767e-04             7.68679e-03             5.35789e-01
   6.48911e-04             8.18597e-03             5.35789e-01
   6.88301e-04             8.68596e-03             5.35789e-01
   7.27744e-04             9.18662e-03             5.35789e-01
   7.67232e-04             9.68784e-03             5.35789e-01
   8.06753e-04             1.01895e-02             5.35789e-01
   8.46290e-04             1.06915e-02             5.35789e-01
   8.85662e-04             1.11936e-02             5.35789e-01
   9.25038e-04             1.16958e-02             5.35789e-01
   9.64410e-04             1.21980e-02             5.35789e-01
   1.00377e-03             1.27000e-02             5.35789e-01
   1.04310e-03             1.32016e-02             5.35789e-01
   1.08129e-03             1.37029e-02             5.35789e-01
   1.11881e-03             1.42036e-02             5.35789e-01
   1.15629e-03             1.47036e-02             5.35789e-01
   1.19370e-03             1.52029e-02             5.35789e-01
   1.23105e-03             1.57012e-02             5.35789e-01
   1.26759e-03             1.61984e-02             5.35789e-01
   1.30101e-03             1.66946e-02             5.35789e-01
   1.33434e-03             1.71895e-02             5.35789e-01
   1.36757e-03             1.76829e-02             5.35789e-01
   1.40070e-03             1.81749e-02             5.35789e-01
   1.43372e-03             1.86651e-02             5.35789e-01
   1.46308e-03             1.91537e-02             5.35789e-01
   1.49078e-03             1.96404e-02             5.35789e-01
   1.51837e-03             2.01251e-02             5.35789e-01
   1.54583e-03             2.06076e-02             5.35789e-01
   1.57316e-03             2.10879e-02             5.35789e-01
   1.59956e-03             2.15658e-02             5.35789e-01
   1.62173e-03             2.20413e-02             5.35789e-01
   1.64378e-03             2.25143e-02             5.35789e-01
   1.66570e-03             2.29844e-02             5.35789e-01
   1.68748e-03             2.34518e-02             5.35789e-01
   1.70913e-03             2.39161e-02             5.35789e-01
   1.72753e-03             2.43775e-02             5.35789e-01
   1.74375e-03             2.48357e-02             5.35789e-01
   1.75986e-03             2.52906e-02             5.35789e-01
   1.77584e-03             2.57421e-02             5.35789e-01
   1.79170e-03             2.61901e-02             5.35789e-01
   1.80736e-03             2.66344e-02             5.35789e-01
   1.81756e-03             2.70752e-02             5.35789e-01
   1.82767e-03             2.75120e-02             5.35789e-01
   1.83768e-03             2.79449e-02             5.35789e-01
   1.84761e-03             2.83737e-02             5.35789e-01
   1.85743e-03             2.87983e-02             5.35789e-01
   1.86496e-03             2.92188e-02             5.35789e-01
   1.86908e-03             2.96349e-02             5.35789e-01
   1.87316e-03             3.00465e-02             5.35789e-01
   1.87720e-03             3.04535e-02             5.35789e-01
   1.88118e-03             3.08558e-02             5.35789e-01
   1.88512e-03             3.12533e-02             5.35789e-01
   1.88457e-03             3.16461e-02             5.35789e-01
   1.88258e-03             3.20338e-02             5.35789e-01
   1.88062e-03             3.24166e-02             5.35789e-01
   1.87868e-03             3.27941e-02             5.35789e-01
   1.87677e-03             3.31663e-02             5.35789e-01
   1.87442e-03             3.35332e-02             5.35789e-01
   1.86674e-03             3.38948e-02             5.35789e-01
   1.85917e-03             3.42508e-02             5.35789e-01
   1.85173e-03             3.46012e-02             5.35789e-01
   1.84441e-03             3.49459e-02             5.35789e-01
   1.83721e-03             3.52847e-02             5.35789e-01
   1.82785e-03             3.56178e-02             5.35789e-01
   1.81503e-03             3.59449e-02             5.35789e-01
   1.80245e-03             3.62660e-02             5.35789e-01
   1.79011e-03             3.65809e-02             5.35789e-01
   1.77802e-03             3.68897e-02             5.35789e-01
   1.76616e-03             3.71921e-02             5.35789e-01
   1.75085e-03             3.74883e-02             5.35789e-01
   1.73400e-03             3.77781e-02             5.35789e-01
   1.71752e-03             3.80614e-02             5.35789e-01
   1.70143e-03             3.83381e-02             5.35789e-01
   1.68573e-03             3.86081e-02             5.35789e-01
   1.67041e-03             3.88714e-02             5.35789e-01
   1.65031e-03             3.91281e-02             5.35789e-01
   1.63029e-03             3.93779e-02             5.35789e-01
   1.61081e-03             3.96209e-02             5.35789e-01
   1.59190e-03             3.98568e-02             5.35789e-01
   1.57355e-03             4.00857e-02             5.35789e-01
   1.55491e-03             4.03076e-02             5.35789e-01
   1.53203e-03             4.05224e-02             5.35789e-01
   1.50991e-03             4.07301e-02             5.35789e-01
   1.48856e-03             4.09305e-02             5.35789e-01
   1.46800e-03             4.11236e-02             5.35789e-01
   1.44821e-03             4.13093e-02             5.35789e-01
   1.42724e-03             4.14878e-02             5.35789e-01
   1.40362e-03             4.16588e-02             5.35789e-01
   1.38103e-03             4.18224e-02             5.35789e-01
   1.35949e-03             4.19785e-02             5.35789e-01
   1.33899e-03             4.21269e-02             5.35789e-01
   1.31953e-03             4.22678e-02             5.35789e-01
   1.29905e-03             4.24011e-02             5.35789e-01
   1.27821e-03             4.25268e-02             5.35789e-01
   1.25865e-03             4.26448e-02             5.35789e-01
   1.24037e-03             4.27550e-02             5.35789e-01
   1.22337e-03             4.28575e-02             5.35789e-01
   1.20767e-03             4.29522e-02             5.35789e-01
   1.19193e-03             4.30391e-02             5.35789e-01
   1.17738e-03             4.31182e-02             5.35789e-01
   1.16428e-03             4.31895e-02             5.35789e-01
   1.15262e-03             4.32528e-02             5.35789e-01
   1.14242e-03             4.33083e-02             5.35789e-01
   1.13353e-03             4.33559e-02             5.35789e-01
   1.12552e-03             4.33956e-02             5.35789e-01
   1.11912e-03             4.34273e-02             5.35789e-01
   1.11431e-03             4.34512e-02             5.35789e-01
   1.11111e-03             4.34671e-02             5.35789e-01
   1.10950e-03             4.34750e-02             5.35789e-01