1.94908e-02             9.69794e-02             2.08947e-01
   1.94934e-02             9.69605e-02             2.08947e-01
   1.94986e-02             9.69228e-02             2.08947e-01
   1.95064e-02             9.68662e-02             2.08947e-01
   1.95169e-02             9.67909e-02             2.08947e-01
   1.95299e-02             9.66967e-02             2.08947e-01
   1.95488e-02             9.65830e-02             2.08947e-01
   1.95711e-02             9.64505e-02             2.08947e-01
   1.95965e-02             9.62991e-02             2.08947e-01
   1.96251e-02             9.61289e-02             2.08947e-01
   1.96568e-02             9.59400e-02             2.08947e-01
   1.96942e-02             9.57318e-02             2.08947e-01
   1.97365e-02             9.55046e-02             2.08947e-01
   1.97823e-02             9.52587e-02             2.08947e-01
   1.98316e-02             9.49942e-02             2.08947e-01
   1.98844e-02             9.47111e-02             2.08947e-01
   1.99404e-02             9.44096e-02             2.08947e-01
   1.99998e-02             9.40897e-02             2.08947e-01
   2.00625e-02             9.37515e-02             2.08947e-01
   2.01286e-02             9.33950e-02             2.08947e-01
   2.01981e-02             9.30204e-02             2.08947e-01
   2.02654e-02             9.26288e-02             2.08947e-01
   2.03327e-02             9.22200e-02             2.08947e-01
   2.04029e-02             9.17933e-02             2.08947e-01
   2.04760e-02             9.13490e-02             2.08947e-01
   2.05519e-02             9.08871e-02             2.08947e-01
   2.06167e-02             9.04105e-02             2.08947e-01
   2.06819e-02             8.99171e-02             2.08947e-01
   2.07494e-02             8.94066e-02             2.08947e-01
   2.08191e-02             8.88792e-02             2.08947e-01
   2.08882e-02             8.83354e-02             2.08947e-01
   2.09440e-02             8.77781e-02             2.08947e-01
   2.10015e-02             8.72043e-02             2.08947e-01
   2.10606e-02             8.66141e-02             2.08947e-01
   2.11213e-02             8.60078e-02             2.08947e-01
   2.11780e-02             8.53866e-02             2.08947e-01
   2.12282e-02             8.47511e-02             2.08947e-01
   2.12797e-02             8.41000e-02             2.08947e-01
   2.13323e-02             8.34334e-02             2.08947e-01
   2.13862e-02             8.27515e-02             2.08947e-01
   2.14347e-02             8.20557e-02             2.08947e-01
   2.14804e-02             8.13458e-02             2.08947e-01
   2.15272e-02             8.06211e-02             2.08947e-01
   2.15748e-02             7.98818e-02             2.08947e-01
   2.16234e-02             7.91280e-02             2.08947e-01
   2.16641e-02             7.83619e-02             2.08947e-01
   2.17040e-02             7.75820e-02             2.08947e-01
   2.17447e-02             7.67884e-02             2.08947e-01
   2.17861e-02             7.59811e-02             2.08947e-01
   2.18271e-02             7.51606e-02             2.08947e-01
   2.18595e-02             7.43289e-02             2.08947e-01
   2.18924e-02             7.34841e-02             2.08947e-01
   2.19257e-02             7.26266e-02             2.08947e-01
   2.19596e-02             7.17566e-02             2.08947e-01
   2.19901e-02             7.08750e-02             2.08947e-01
   2.20140e-02             6.99827e-02             2.08947e-01
   2.20382e-02             6.90786e-02             2.08947e-01
   2.20627e-02             6.81628e-02             2.08947e-01
   2.20875e-02             6.72356e-02             2.08947e-01
   2.21054e-02             6.62987e-02             2.08947e-01
   2.21191e-02             6.53517e-02             2.08947e-01
   2.21329e-02             6.43941e-02             2.08947e-01
   2.21469e-02             6.34259e-02             2.08947e-01
   2.21610e-02             6.24476e-02             2.08947e-01
   2.21627e-02             6.14618e-02             2.08947e-01
   2.21634e-02             6.04666e-02             2.08947e-01
   2.21641e-02             5.94618e-02             2.08947e-01
   2.21648e-02             5.84479e-02             2.08947e-01
   2.21614e-02             5.74258e-02             2.08947e-01
   2.21458e-02             5.63975e-02             2.08947e-01
   2.21301e-02             5.53608e-02             2.08947e-01
   2.21142e-02             5.43159e-02             2.08947e-01
   2.20983e-02             5.32630e-02             2.08947e-01
   2.20690e-02             5.22052e-02             2.08947e-01
   2.20316e-02             5.11416e-02             2.08947e-01
   2.19939e-02             5.00709e-02             2.08947e-01
   2.19560e-02             4.89934e-02             2.08947e-01
   2.19175e-02             4.79093e-02             2.08947e-01
   2.18570e-02             4.68233e-02             2.08947e-01
   2.17963e-02             4.57314e-02             2.08947e-01
   2.17352e-02             4.46337e-02             2.08947e-01
   2.16738e-02             4.35305e-02             2.08947e-01
   2.16027e-02             4.24240e-02             2.08947e-01
   2.15181e-02             4.13152e-02             2.08947e-01
   2.14332e-02             4.02019e-02             2.08947e-01
   2.13479e-02             3.90841e-02             2.08947e-01
   2.12624e-02             3.79623e-02             2.08947e-01
   2.11574e-02             3.68405e-02             2.08947e-01
   2.10482e-02             3.57160e-02             2.08947e-01
   2.09387e-02             3.45883e-02             2.08947e-01
   2.08290e-02             3.34576e-02             2.08947e-01
   2.07132e-02             3.23254e-02             2.08947e-01
   2.05800e-02             3.11943e-02             2.08947e-01
   2.04466e-02             3.00610e-02             2.08947e-01
   2.03130e-02             2.89259e-02             2.08947e-01
   2.01792e-02             2.77893e-02             2.08947e-01
   2.00295e-02             2.66546e-02             2.08947e-01
   1.98720e-02             2.55204e-02             2.08947e-01
   1.97144e-02             2.43855e-02             2.08947e-01
   1.95567e-02             2.32502e-02             2.08947e-01
   1.93968e-02             2.21153e-02             2.08947e-01
   1.92157e-02             2.09847e-02             2.08947e-01
   1.90347e-02             1.98545e-02             2.08947e-01
   1.88539e-02             1.87251e-02             2.08947e-01
   1.86731e-02             1.75966e-02             2.08947e-01
   1.84806e-02             1.64717e-02             2.08947e-01
   1.82775e-02             1.53506e-02             2.08947e-01
   1.80746e-02             1.42313e-02             2.08947e-01
   1.78721e-02             1.31141e-02             2.08947e-01
   1.76701e-02             1.19992e-02             2.08947e-01
   1.74458e-02             1.08916e-02             2.08947e-01
   1.72209e-02             9.78705e-03             2.08947e-01
   1.69966e-02             8.68568e-03             2.08947e-01
   1.67730e-02             7.58774e-03             2.08947e-01
   1.65412e-02             6.49533e-03             2.08947e-01
   1.62952e-02             5.40989e-03             2.08947e-01
   1.60503e-02             4.32868e-03             2.08947e-01
   1.58063e-02             3.25195e-03             2.08947e-01
   1.55634e-02             2.17999e-03             2.08947e-01
   1.53027e-02             1.11687e-03             2.08947e-01
   1.50386e-02             5.99490e-05             2.08947e-01
   1.47760e-02            -9.91450e-04             2.08947e-01
   1.45147e-02            -2.03706e-03             2.08947e-01
   1.42494e-02            -3.07552e-03             2.08947e-01
   1.39675e-02            -4.10402e-03             2.08947e-01
   1.36874e-02            -5.12599e-03             2.08947e-01
   1.34091e-02            -6.14119e-03             2.08947e-01
   1.31328e-02            -7.14937e-03             2.08947e-01
   1.28425e-02            -8.14707e-03             2.08947e-01
   1.25464e-02            -9.13566e-03             2.08947e-01
   1.22526e-02            -1.01165e-02             2.08947e-01
   1.19611e-02            -1.10894e-02             2.08947e-01
   1.16698e-02            -1.20536e-02             2.08947e-01
   1.13583e-02            -1.30048e-02             2.08947e-01
   1.10496e-02            -1.39473e-02             2.08947e-01
   1.07438e-02            -1.48810e-02             2.08947e-01
   1.04410e-02            -1.58056e-02             2.08947e-01
   1.01281e-02            -1.67182e-02             2.08947e-01
   9.80668e-03            -1.76189e-02             2.08947e-01
   9.48873e-03            -1.85098e-02             2.08947e-01
   9.17433e-03            -1.93909e-02             2.08947e-01
   8.86355e-03            -2.02617e-02             2.08947e-01
   8.53167e-03            -2.11172e-02             2.08947e-01
   8.20299e-03            -2.19620e-02             2.08947e-01
   7.87849e-03            -2.27961e-02             2.08947e-01
   7.55824e-03            -2.36192e-02             2.08947e-01
   7.23114e-03            -2.44289e-02             2.08947e-01
   6.89261e-03            -2.52241e-02             2.08947e-01
   6.55896e-03            -2.60079e-02             2.08947e-01
   6.23027e-03            -2.67800e-02             2.08947e-01
   5.90663e-03            -2.75402e-02             2.08947e-01
   5.56390e-03            -2.82835e-02             2.08947e-01
   5.22294e-03            -2.90139e-02             2.08947e-01
   4.88772e-03            -2.97321e-02             2.08947e-01
   4.55833e-03            -3.04377e-02             2.08947e-01
   4.22514e-03            -3.11287e-02             2.08947e-01
   3.87791e-03            -3.18029e-02             2.08947e-01
   3.53732e-03            -3.24641e-02             2.08947e-01
   3.20345e-03            -3.31124e-02             2.08947e-01
   2.87638e-03            -3.37474e-02             2.08947e-01
   2.53076e-03            -3.43640e-02             2.08947e-01
   2.18622e-03            -3.49658e-02             2.08947e-01
   1.84942e-03            -3.55541e-02             2.08947e-01
   1.52044e-03            -3.61288e-02             2.08947e-01
   1.18971e-03            -3.66877e-02             2.08947e-01
   8.43267e-04            -3.72279e-02             2.08947e-01
   5.05752e-04            -3.77542e-02             2.08947e-01
   1.77242e-04            -3.82664e-02             2.08947e-01
  -1.42181e-04            -3.87645e-02             2.08947e-01
  -4.83767e-04            -3.92419e-02             2.08947e-01
  -8.23280e-04            -3.97036e-02             2.08947e-01
  -1.15229e-03            -4.01509e-02             2.08947e-01
  -1.47070e-03            -4.05838e-02             2.08947e-01
  -1.79307e-03            -4.09993e-02             2.08947e-01
  -2.13317e-03            -4.13945e-02             2.08947e-01
  -2.46089e-03            -4.17753e-02             2.08947e-01
  -2.77613e-03            -4.21416e-02             2.08947e-01
  -3.07883e-03            -4.24933e-02             2.08947e-01
  -3.41165e-03            -4.28217e-02             2.08947e-01
  -3.73489e-03            -4.31348e-02             2.08947e-01
  -4.04327e-03            -4.34335e-02             2.08947e-01
  -4.33669e-03            -4.37177e-02             2.08947e-01
  -4.64477e-03            -4.39814e-02             2.08947e-01
  -4.96648e-03            -4.42247e-02             2.08947e-01
  -5.26968e-03            -4.44540e-02             2.08947e-01
  -5.55429e-03            -4.46693e-02             2.08947e-01
  -5.82987e-03            -4.48685e-02             2.08947e-01
  -6.14827e-03            -4.50412e-02             2.08947e-01
  -6.44249e-03            -4.52007e-02             2.08947e-01
  -6.71244e-03            -4.53471e-02             2.08947e-01
  -6.95806e-03            -4.54804e-02             2.08947e-01
  -7.25441e-03            -4.55852e-02             2.08947e-01
  -7.54080e-03            -4.56740e-02             2.08947e-01
  -7.79155e-03            -4.57516e-02             2.08947e-01
  -8.00659e-03            -4.58183e-02             2.08947e-01
  -8.27525e-03            -4.58558e-02             2.08947e-01
  -8.59733e-03            -4.58644e-02             2.08947e-01
  -8.83896e-03            -4.58708e-02             2.08947e-01
  -9.00008e-03            -4.58751e-02             2.08947e-01
  -9.08066e-03            -4.58772e-02             2.08947e-01
  -9.25084e-03            -4.58247e-02             2.08947e-01
  -9.59118e-03            -4.57196e-02             2.08947e-01
  -9.89062e-03            -4.56045e-02             2.08947e-01
  -9.95913e-03            -4.55174e-02             2.08947e-01
  -1.00447e-02            -4.54086e-02             2.08947e-01
  -1.01474e-02            -4.52782e-02             2.08947e-01
  -1.02672e-02            -4.51260e-02             2.08947e-01
  -1.03444e-02            -4.49642e-02             2.08947e-01
  -1.03727e-02            -4.47941e-02             2.08947e-01
  -1.04042e-02            -4.46052e-02             2.08947e-01
  -1.04387e-02            -4.43976e-02             2.08947e-01
  -1.04764e-02            -4.41713e-02             2.08947e-01
  -1.05056e-02            -4.39288e-02             2.08947e-01
  -1.05039e-02            -4.36745e-02             2.08947e-01
  -1.05021e-02            -4.34024e-02             2.08947e-01
  -1.05001e-02            -4.31126e-02             2.08947e-01
  -1.04981e-02            -4.28050e-02             2.08947e-01
  -1.04944e-02            -4.24801e-02             2.08947e-01
  -1.04566e-02            -4.21446e-02             2.08947e-01
  -1.04168e-02            -4.17919e-02             2.08947e-01
  -1.03751e-02            -4.14222e-02             2.08947e-01
  -1.03315e-02            -4.10356e-02             2.08947e-01
  -1.02860e-02            -4.06322e-02             2.08947e-01
  -1.02145e-02            -4.02170e-02             2.08947e-01
  -1.01360e-02            -3.97861e-02             2.08947e-01
  -1.00546e-02            -3.93389e-02             2.08947e-01
  -9.97030e-03            -3.88756e-02             2.08947e-01
  -9.88303e-03            -3.83962e-02             2.08947e-01
  -9.78087e-03            -3.79033e-02             2.08947e-01
  -9.66866e-03            -3.73960e-02             2.08947e-01
  -9.55300e-03            -3.68731e-02             2.08947e-01
  -9.43393e-03            -3.63348e-02             2.08947e-01
  -9.31147e-03            -3.57811e-02             2.08947e-01
  -9.18103e-03            -3.52132e-02             2.08947e-01
  -9.03929e-03            -3.46319e-02             2.08947e-01
  -8.89393e-03            -3.40357e-02             2.08947e-01
  -8.74500e-03            -3.34249e-02             2.08947e-01
  -8.59252e-03            -3.27995e-02             2.08947e-01
  -8.43610e-03            -3.21598e-02             2.08947e-01
  -8.26975e-03            -3.15073e-02             2.08947e-01
  -8.09982e-03            -3.08407e-02             2.08947e-01
  -7.92637e-03            -3.01602e-02             2.08947e-01
  -7.74942e-03            -2.94660e-02             2.08947e-01
  -7.56902e-03            -2.87583e-02             2.08947e-01
  -7.38207e-03            -2.80379e-02             2.08947e-01
  -7.19051e-03            -2.73046e-02             2.08947e-01
  -6.99556e-03            -2.65583e-02             2.08947e-01
  -6.79728e-03            -2.57992e-02             2.08947e-01
  -6.59570e-03            -2.50275e-02             2.08947e-01
  -6.39006e-03            -2.42435e-02             2.08947e-01
  -6.17986e-03            -2.34477e-02             2.08947e-01
  -5.96649e-03            -2.26397e-02             2.08947e-01
  -5.75000e-03            -2.18200e-02             2.08947e-01
  -5.53044e-03            -2.09887e-02             2.08947e-01
  -5.30785e-03            -2.01459e-02             2.08947e-01
  -5.08152e-03            -1.92921e-02             2.08947e-01
  -4.85228e-03            -1.84274e-02             2.08947e-01
  -4.62018e-03            -1.75518e-02             2.08947e-01
  -4.38528e-03            -1.66657e-02             2.08947e-01
  -4.14764e-03            -1.57692e-02             2.08947e-01
  -3.90743e-03            -1.48626e-02             2.08947e-01
  -3.66465e-03            -1.39461e-02             2.08947e-01
  -3.41932e-03            -1.30200e-02             2.08947e-01
  -3.17148e-03            -1.20843e-02             2.08947e-01
  -2.92120e-03            -1.11395e-02             2.08947e-01
  -2.66899e-03            -1.01856e-02             2.08947e-01
  -2.41559e-03            -9.22274e-03             2.08947e-01
  -2.15994e-03            -8.25137e-03             2.08947e-01
  -1.90212e-03            -7.27172e-03             2.08947e-01
  -1.64219e-03            -6.28406e-03             2.08947e-01
  -1.38021e-03            -5.28861e-03             2.08947e-01
  -1.11820e-03            -4.28523e-03             2.08947e-01
  -8.54466e-04            -3.27452e-03             2.08947e-01
  -5.88895e-04            -2.25676e-03             2.08947e-01
  -3.21552e-04            -1.23222e-03             2.08947e-01
  -5.25022e-05            -2.01136e-04             2.08947e-01
   2.17166e-04             8.36439e-04             2.08947e-01
   4.87537e-04             1.88022e-03             2.08947e-01
   7.59404e-04             2.92977e-03             2.08947e-01
   1.03270e-03             3.98484e-03             2.08947e-01
   1.30736e-03             5.04516e-03             2.08947e-01
   1.58294e-03             6.11055e-03             2.08947e-01
   1.85794e-03             7.18103e-03             2.08947e-01
   2.13409e-03             8.25598e-03             2.08947e-01
   2.41131e-03             9.33513e-03             2.08947e-01
   2.68955e-03             1.04182e-02             2.08947e-01
   2.96873e-03             1.15050e-02             2.08947e-01
   3.24821e-03             1.25953e-02             2.08947e-01
   3.52835e-03             1.36887e-02             2.08947e-01
   3.80922e-03             1.47850e-02             2.08947e-01
   4.09076e-03             1.58839e-02             2.08947e-01
   4.37289e-03             1.69851e-02             2.08947e-01
   4.65584e-03             1.80883e-02             2.08947e-01
   4.93967e-03             1.91932e-02             2.08947e-01
   5.22388e-03             2.02996e-02             2.08947e-01
   5.50840e-03             2.14072e-02             2.08947e-01
   5.79317e-03             2.25158e-02             2.08947e-01
   6.07810e-03             2.36251e-02             2.08947e-01
   6.36273e-03             2.47348e-02             2.08947e-01
   6.64740e-03             2.58447e-02             2.08947e-01
   6.93203e-03             2.69545e-02             2.08947e-01
   7.21656e-03             2.80639e-02             2.08947e-01
   7.50091e-03             2.91725e-02             2.08947e-01
   7.78253e-03             3.02808e-02             2.08947e-01
   8.06246e-03             3.13880e-02             2.08947e-01
   8.34201e-03             3.24938e-02             2.08947e-01
   8.62111e-03             3.35977e-02             2.08947e-01
   8.89970e-03             3.46997e-02             2.08947e-01
   9.17608e-03             3.57996e-02             2.08947e-01
   9.44503e-03             3.68983e-02             2.08947e-01
   9.71327e-03             3.79941e-02             2.08947e-01
   9.98075e-03             3.90868e-02             2.08947e-01
   1.02474e-02             4.01761e-02             2.08947e-01
   1.05131e-02             4.12617e-02             2.08947e-01
   1.07700e-02             4.23449e-02             2.08947e-01
   1.10225e-02             4.34246e-02             2.08947e-01
   1.12739e-02             4.44999e-02             2.08947e-01
   1.15241e-02             4.55703e-02             2.08947e-01
   1.17732e-02             4.66358e-02             2.08947e-01
   1.20193e-02             4.76963e-02             2.08947e-01
   1.22550e-02             4.87532e-02             2.08947e-01
   1.24894e-02             4.98042e-02             2.08947e-01
   1.27224e-02             5.08491e-02             2.08947e-01
   1.29540e-02             5.18877e-02             2.08947e-01
   1.31841e-02             5.29197e-02             2.08947e-01
   1.34058e-02             5.39463e-02             2.08947e-01
   1.36214e-02             5.49667e-02             2.08947e-01
   1.38354e-02             5.59797e-02             2.08947e-01
   1.40478e-02             5.69851e-02             2.08947e-01
   1.42586e-02             5.79827e-02             2.08947e-01
   1.44674e-02             5.89722e-02             2.08947e-01
   1.46627e-02             5.99557e-02             2.08947e-01
   1.48562e-02             6.09306e-02             2.08947e-01
   1.50480e-02             6.18966e-02             2.08947e-01
   1.52379e-02             6.28536e-02             2.08947e-01
   1.54260e-02             6.38012e-02             2.08947e-01
   1.56073e-02             6.47402e-02             2.08947e-01
   1.57793e-02             6.56710e-02             2.08947e-01
   1.59495e-02             6.65917e-02             2.08947e-01
   1.61177e-02             6.75021e-02             2.08947e-01
   1.62840e-02             6.84020e-02             2.08947e-01
   1.64483e-02             6.92912e-02             2.08947e-01
   1.66007e-02             7.01714e-02             2.08947e-01
   1.67479e-02             7.10411e-02             2.08947e-01
   1.68932e-02             7.18994e-02             2.08947e-01
   1.70365e-02             7.27460e-02             2.08947e-01
   1.71779e-02             7.35808e-02             2.08947e-01
   1.73161e-02             7.44039e-02             2.08947e-01
   1.74403e-02             7.52170e-02             2.08947e-01
   1.75626e-02             7.60177e-02             2.08947e-01
   1.76830e-02             7.68057e-02             2.08947e-01
   1.78014e-02             7.75809e-02             2.08947e-01
   1.79178e-02             7.83430e-02             2.08947e-01
   1.80271e-02             7.90928e-02             2.08947e-01
   1.81263e-02             7.98309e-02             2.08947e-01
   1.82237e-02             8.05553e-02             2.08947e-01
   1.83193e-02             8.12658e-02             2.08947e-01
   1.84129e-02             8.19623e-02             2.08947e-01
   1.85047e-02             8.26446e-02             2.08947e-01
   1.85862e-02             8.33142e-02             2.08947e-01
   1.86618e-02             8.39702e-02             2.08947e-01
   1.87357e-02             8.46113e-02             2.08947e-01
   1.88078e-02             8.52376e-02             2.08947e-01
   1.88783e-02             8.58488e-02             2.08947e-01
   1.89469e-02             8.64448e-02             2.08947e-01
   1.90023e-02             8.70278e-02             2.08947e-01
   1.90552e-02             8.75954e-02             2.08947e-01
   1.91065e-02             8.81474e-02             2.08947e-01
   1.91565e-02             8.86835e-02             2.08947e-01
   1.92049e-02             8.92036e-02             2.08947e-01
   1.92499e-02             8.97080e-02             2.08947e-01
   1.92827e-02             9.01984e-02             2.08947e-01
   1.93143e-02             9.06723e-02             2.08947e-01
   1.93449e-02             9.11297e-02             2.08947e-01
   1.93743e-02             9.15704e-02             2.08947e-01
   1.94026e-02             9.19943e-02             2.08947e-01
   1.94254e-02             9.24023e-02             2.08947e-01
   1.94394e-02             9.27948e-02             2.08947e-01
   1.94528e-02             9.31702e-02             2.08947e-01
   1.94655e-02             9.35283e-02             2.08947e-01
   1.94777e-02             9.38690e-02             2.08947e-01
   1.94892e-02             9.41923e-02             2.08947e-01
   1.94954e-02             9.44990e-02             2.08947e-01
   1.94979e-02             9.47888e-02             2.08947e-01
   1.95002e-02             9.50608e-02             2.08947e-01
   1.95024e-02             9.53150e-02             2.08947e-01
   1.95044e-02             9.55512e-02             2.08947e-01
   1.95062e-02             9.57696e-02             2.08947e-01
   1.95050e-02             9.59705e-02             2.08947e-01
   1.95033e-02             9.61534e-02             2.08947e-01
   1.95018e-02             9.63181e-02             2.08947e-01
   1.95005e-02             9.64647e-02             2.08947e-01
   1.94993e-02             9.65930e-02             2.08947e-01
   1.94980e-02             9.67031e-02             2.08947e-01
   1.94956e-02             9.67951e-02             2.08947e-01
   1.94937e-02             9.68688e-02             2.08947e-01
   1.94922e-02             9.69241e-02             2.08947e-01
   1.94913e-02             9.69609e-02             2.08947e-01
   1.94908e-02             9.69794e-02             2.08947e-01