5.44015e-03             6.36491e-02             3.54211e-01
   5.44320e-03             6.36372e-02             3.54211e-01
   5.44930e-03             6.36133e-02             3.54211e-01
   5.45845e-03             6.35776e-02             3.54211e-01
   5.47064e-03             6.35300e-02             3.54211e-01
   5.48587e-03             6.34705e-02             3.54211e-01
   5.50628e-03             6.33990e-02             3.54211e-01
   5.53021e-03             6.33155e-02             3.54211e-01
   5.55755e-03             6.32203e-02             3.54211e-01
   5.58829e-03             6.31131e-02             3.54211e-01
   5.62241e-03             6.29942e-02             3.54211e-01
   5.66158e-03             6.28633e-02             3.54211e-01
   5.70530e-03             6.27206e-02             3.54211e-01
   5.75262e-03             6.25662e-02             3.54211e-01
   5.80352e-03             6.24001e-02             3.54211e-01
   5.85799e-03             6.22223e-02             3.54211e-01
   5.91592e-03             6.20329e-02             3.54211e-01
   5.97731e-03             6.18319e-02             3.54211e-01
   6.04222e-03             6.16195e-02             3.54211e-01
   6.11062e-03             6.13956e-02             3.54211e-01
   6.18251e-03             6.11603e-02             3.54211e-01
   6.25422e-03             6.09139e-02             3.54211e-01
   6.32717e-03             6.06564e-02             3.54211e-01
   6.40330e-03             6.03878e-02             3.54211e-01
   6.48258e-03             6.01080e-02             3.54211e-01
   6.56500e-03             5.98171e-02             3.54211e-01
   6.64130e-03             5.95161e-02             3.54211e-01
   6.71909e-03             5.92042e-02             3.54211e-01
   6.79957e-03             5.88816e-02             3.54211e-01
   6.88272e-03             5.85482e-02             3.54211e-01
   6.96667e-03             5.82043e-02             3.54211e-01
   7.04310e-03             5.78508e-02             3.54211e-01
   7.12179e-03             5.74867e-02             3.54211e-01
   7.20271e-03             5.71124e-02             3.54211e-01
   7.28585e-03             5.67278e-02             3.54211e-01
   7.36755e-03             5.63333e-02             3.54211e-01
   7.44606e-03             5.59292e-02             3.54211e-01
   7.52650e-03             5.55151e-02             3.54211e-01
   7.60885e-03             5.50912e-02             3.54211e-01
   7.69310e-03             5.46576e-02             3.54211e-01
   7.77491e-03             5.42147e-02             3.54211e-01
   7.85602e-03             5.37624e-02             3.54211e-01
   7.93881e-03             5.33008e-02             3.54211e-01
   8.02327e-03             5.28299e-02             3.54211e-01
   8.10938e-03             5.23498e-02             3.54211e-01
   8.19128e-03             5.18611e-02             3.54211e-01
   8.27375e-03             5.13636e-02             3.54211e-01
   8.35768e-03             5.08573e-02             3.54211e-01
   8.44305e-03             5.03423e-02             3.54211e-01
   8.52917e-03             4.98189e-02             3.54211e-01
   8.61055e-03             4.92875e-02             3.54211e-01
   8.69320e-03             4.87478e-02             3.54211e-01
   8.77709e-03             4.82000e-02             3.54211e-01
   8.86221e-03             4.76442e-02             3.54211e-01
   8.94604e-03             4.70808e-02             3.54211e-01
   9.02638e-03             4.65099e-02             3.54211e-01
   9.10779e-03             4.59315e-02             3.54211e-01
   9.19025e-03             4.53457e-02             3.54211e-01
   9.27373e-03             4.47526e-02             3.54211e-01
   9.35346e-03             4.41527e-02             3.54211e-01
   9.43123e-03             4.35460e-02             3.54211e-01
   9.50989e-03             4.29325e-02             3.54211e-01
   9.58941e-03             4.23123e-02             3.54211e-01
   9.66976e-03             4.16856e-02             3.54211e-01
   9.74268e-03             4.10532e-02             3.54211e-01
   9.81565e-03             4.04146e-02             3.54211e-01
   9.88932e-03             3.97700e-02             3.54211e-01
   9.96366e-03             3.91194e-02             3.54211e-01
   1.00359e-02             3.84633e-02             3.54211e-01
   1.01008e-02             3.78023e-02             3.54211e-01
   1.01663e-02             3.71359e-02             3.54211e-01
   1.02323e-02             3.64643e-02             3.54211e-01
   1.02987e-02             3.57876e-02             3.54211e-01
   1.03570e-02             3.51066e-02             3.54211e-01
   1.04105e-02             3.44214e-02             3.54211e-01
   1.04644e-02             3.37316e-02             3.54211e-01
   1.05185e-02             3.30375e-02             3.54211e-01
   1.05728e-02             3.23391e-02             3.54211e-01
   1.06132e-02             3.16378e-02             3.54211e-01
   1.06538e-02             3.09327e-02             3.54211e-01
   1.06946e-02             3.02239e-02             3.54211e-01
   1.07356e-02             2.95115e-02             3.54211e-01
   1.07706e-02             2.87963e-02             3.54211e-01
   1.07971e-02             2.80787e-02             3.54211e-01
   1.08237e-02             2.73581e-02             3.54211e-01
   1.08504e-02             2.66347e-02             3.54211e-01
   1.08773e-02             2.59086e-02             3.54211e-01
   1.08916e-02             2.51812e-02             3.54211e-01
   1.09035e-02             2.44516e-02             3.54211e-01
   1.09155e-02             2.37200e-02             3.54211e-01
   1.09274e-02             2.29865e-02             3.54211e-01
   1.09356e-02             2.22516e-02             3.54211e-01
   1.09326e-02             2.15160e-02             3.54211e-01
   1.09296e-02             2.07791e-02             3.54211e-01
   1.09265e-02             2.00411e-02             3.54211e-01
   1.09235e-02             1.93020e-02             3.54211e-01
   1.09101e-02             1.85629e-02             3.54211e-01
   1.08917e-02             1.78237e-02             3.54211e-01
   1.08733e-02             1.70840e-02             3.54211e-01
   1.08548e-02             1.63440e-02             3.54211e-01
   1.08349e-02             1.56041e-02             3.54211e-01
   1.08011e-02             1.48654e-02             3.54211e-01
   1.07673e-02             1.41271e-02             3.54211e-01
   1.07335e-02             1.33891e-02             3.54211e-01
   1.06998e-02             1.26518e-02             3.54211e-01
   1.06583e-02             1.19160e-02             3.54211e-01
   1.06096e-02             1.11819e-02             3.54211e-01
   1.05610e-02             1.04489e-02             3.54211e-01
   1.05125e-02             9.71722e-03             3.54211e-01
   1.04640e-02             8.98712e-03             3.54211e-01
   1.04008e-02             8.26002e-03             3.54211e-01
   1.03370e-02             7.53488e-03             3.54211e-01
   1.02733e-02             6.81182e-03             3.54211e-01
   1.02099e-02             6.09102e-03             3.54211e-01
   1.01407e-02             5.37316e-03             3.54211e-01
   1.00620e-02             4.65874e-03             3.54211e-01
   9.98358e-03             3.94711e-03             3.54211e-01
   9.90549e-03             3.23843e-03             3.54211e-01
   9.82776e-03             2.53289e-03             3.54211e-01
   9.73792e-03             1.83171e-03             3.54211e-01
   9.64549e-03             1.13428e-03             3.54211e-01
   9.55355e-03             4.40483e-04             3.54211e-01
   9.46211e-03            -2.49493e-04             3.54211e-01
   9.36756e-03            -9.35170e-04             3.54211e-01
   9.26160e-03            -1.61567e-03             3.54211e-01
   9.15632e-03            -2.29185e-03             3.54211e-01
   9.05173e-03            -2.96355e-03             3.54211e-01
   8.94787e-03            -3.63061e-03             3.54211e-01
   8.83433e-03            -4.29196e-03             3.54211e-01
   8.71634e-03            -4.94788e-03             3.54211e-01
   8.59927e-03            -5.59868e-03             3.54211e-01
   8.48315e-03            -6.24418e-03             3.54211e-01
   8.36649e-03            -6.88411e-03             3.54211e-01
   8.23590e-03            -7.51716e-03             3.54211e-01
   8.10650e-03            -8.14446e-03             3.54211e-01
   7.97832e-03            -8.76585e-03             3.54211e-01
   7.85138e-03            -9.38119e-03             3.54211e-01
   7.71709e-03            -9.98957e-03             3.54211e-01
   7.57648e-03            -1.05909e-02             3.54211e-01
   7.43738e-03            -1.11858e-02             3.54211e-01
   7.29984e-03            -1.17741e-02             3.54211e-01
   7.16388e-03            -1.23555e-02             3.54211e-01
   7.01326e-03            -1.29287e-02             3.54211e-01
   6.86391e-03            -1.34947e-02             3.54211e-01
   6.71646e-03            -1.40535e-02             3.54211e-01
   6.57095e-03            -1.46050e-02             3.54211e-01
   6.42006e-03            -1.51484e-02             3.54211e-01
   6.26077e-03            -1.56834e-02             3.54211e-01
   6.10379e-03            -1.62106e-02             3.54211e-01
   5.94914e-03            -1.67299e-02             3.54211e-01
   5.79686e-03            -1.72413e-02             3.54211e-01
   5.63110e-03            -1.77433e-02             3.54211e-01
   5.46554e-03            -1.82368e-02             3.54211e-01
   5.30277e-03            -1.87220e-02             3.54211e-01
   5.14282e-03            -1.91988e-02             3.54211e-01
   4.97937e-03            -1.96665e-02             3.54211e-01
   4.80569e-03            -2.01244e-02             3.54211e-01
   4.63533e-03            -2.05735e-02             3.54211e-01
   4.46833e-03            -2.10138e-02             3.54211e-01
   4.30474e-03            -2.14451e-02             3.54211e-01
   4.12788e-03            -2.18659e-02             3.54211e-01
   3.95065e-03            -2.22772e-02             3.54211e-01
   3.77741e-03            -2.26793e-02             3.54211e-01
   3.60819e-03            -2.30720e-02             3.54211e-01
   3.43669e-03            -2.34547e-02             3.54211e-01
   3.25375e-03            -2.38266e-02             3.54211e-01
   3.07553e-03            -2.41889e-02             3.54211e-01
   2.90205e-03            -2.45415e-02             3.54211e-01
   2.73338e-03            -2.48844e-02             3.54211e-01
   2.54899e-03            -2.52157e-02             3.54211e-01
   2.36477e-03            -2.55366e-02             3.54211e-01
   2.18625e-03            -2.58476e-02             3.54211e-01
   2.01348e-03            -2.61486e-02             3.54211e-01
   1.83690e-03            -2.64387e-02             3.54211e-01
   1.64746e-03            -2.67171e-02             3.54211e-01
   1.46492e-03            -2.69853e-02             3.54211e-01
   1.28933e-03            -2.72433e-02             3.54211e-01
   1.12072e-03            -2.74910e-02             3.54211e-01
   9.31097e-04            -2.77261e-02             3.54211e-01
   7.46494e-04            -2.79505e-02             3.54211e-01
   5.70384e-04            -2.81646e-02             3.54211e-01
   4.02808e-04            -2.83684e-02             3.54211e-01
   2.24342e-04            -2.85600e-02             3.54211e-01
   3.56388e-05            -2.87396e-02             3.54211e-01
  -1.42207e-04            -2.89088e-02             3.54211e-01
  -3.09150e-04            -2.90677e-02             3.54211e-01
  -4.71464e-04            -2.92156e-02             3.54211e-01
  -6.63192e-04            -2.93496e-02             3.54211e-01
  -8.40353e-04            -2.94734e-02             3.54211e-01
  -1.00291e-03            -2.95871e-02             3.54211e-01
  -1.15081e-03            -2.96904e-02             3.54211e-01
  -1.33332e-03            -2.97793e-02             3.54211e-01
  -1.51063e-03            -2.98571e-02             3.54211e-01
  -1.66586e-03            -2.99252e-02             3.54211e-01
  -1.79899e-03            -2.99837e-02             3.54211e-01
  -1.96865e-03            -3.00273e-02             3.54211e-01
  -2.17470e-03            -3.00563e-02             3.54211e-01
  -2.32928e-03            -3.00780e-02             3.54211e-01
  -2.43235e-03            -3.00925e-02             3.54211e-01
  -2.48390e-03            -3.00998e-02             3.54211e-01
  -2.59693e-03            -3.00784e-02             3.54211e-01
  -2.82297e-03            -3.00358e-02             3.54211e-01
  -3.02350e-03            -2.99838e-02             3.54211e-01
  -3.07381e-03            -2.99329e-02             3.54211e-01
  -3.13667e-03            -2.98693e-02             3.54211e-01
  -3.21206e-03            -2.97931e-02             3.54211e-01
  -3.29998e-03            -2.97042e-02             3.54211e-01
  -3.36135e-03            -2.96060e-02             3.54211e-01
  -3.39192e-03            -2.94989e-02             3.54211e-01
  -3.42586e-03            -2.93800e-02             3.54211e-01
  -3.46315e-03            -2.92493e-02             3.54211e-01
  -3.50380e-03            -2.91068e-02             3.54211e-01
  -3.54021e-03            -2.89533e-02             3.54211e-01
  -3.55765e-03            -2.87900e-02             3.54211e-01
  -3.57631e-03            -2.86153e-02             3.54211e-01
  -3.59619e-03            -2.84292e-02             3.54211e-01
  -3.61729e-03            -2.82317e-02             3.54211e-01
  -3.63860e-03            -2.80230e-02             3.54211e-01
  -3.63876e-03            -2.78049e-02             3.54211e-01
  -3.63894e-03            -2.75757e-02             3.54211e-01
  -3.63912e-03            -2.73354e-02             3.54211e-01
  -3.63931e-03            -2.70842e-02             3.54211e-01
  -3.63951e-03            -2.68220e-02             3.54211e-01
  -3.62387e-03            -2.65503e-02             3.54211e-01
  -3.60494e-03            -2.62682e-02             3.54211e-01
  -3.58529e-03            -2.59753e-02             3.54211e-01
  -3.56494e-03            -2.56718e-02             3.54211e-01
  -3.54387e-03            -2.53579e-02             3.54211e-01
  -3.51423e-03            -2.50341e-02             3.54211e-01
  -3.47920e-03            -2.47004e-02             3.54211e-01
  -3.44309e-03            -2.43565e-02             3.54211e-01
  -3.40591e-03            -2.40024e-02             3.54211e-01
  -3.36767e-03            -2.36382e-02             3.54211e-01
  -3.32535e-03            -2.32643e-02             3.54211e-01
  -3.27676e-03            -2.28809e-02             3.54211e-01
  -3.22693e-03            -2.24878e-02             3.54211e-01
  -3.17587e-03            -2.20850e-02             3.54211e-01
  -3.12360e-03            -2.16726e-02             3.54211e-01
  -3.06984e-03            -2.12507e-02             3.54211e-01
  -3.01065e-03            -2.08199e-02             3.54211e-01
  -2.95018e-03            -2.03798e-02             3.54211e-01
  -2.88846e-03            -1.99305e-02             3.54211e-01
  -2.82550e-03            -1.94722e-02             3.54211e-01
  -2.76131e-03            -1.90049e-02             3.54211e-01
  -2.69384e-03            -1.85290e-02             3.54211e-01
  -2.62436e-03            -1.80445e-02             3.54211e-01
  -2.55365e-03            -1.75514e-02             3.54211e-01
  -2.48173e-03            -1.70499e-02             3.54211e-01
  -2.40861e-03            -1.65400e-02             3.54211e-01
  -2.33378e-03            -1.60220e-02             3.54211e-01
  -2.25690e-03            -1.54960e-02             3.54211e-01
  -2.17885e-03            -1.49620e-02             3.54211e-01
  -2.09967e-03            -1.44203e-02             3.54211e-01
  -2.01936e-03            -1.38708e-02             3.54211e-01
  -1.93794e-03            -1.33138e-02             3.54211e-01
  -1.85492e-03            -1.27495e-02             3.54211e-01
  -1.77084e-03            -1.21779e-02             3.54211e-01
  -1.68570e-03            -1.15991e-02             3.54211e-01
  -1.59954e-03            -1.10134e-02             3.54211e-01
  -1.51238e-03            -1.04209e-02             3.54211e-01
  -1.42430e-03            -9.82164e-03             3.54211e-01
  -1.33530e-03            -9.21585e-03             3.54211e-01
  -1.24536e-03            -8.60368e-03             3.54211e-01
  -1.15451e-03            -7.98526e-03             3.54211e-01
  -1.06276e-03            -7.36075e-03             3.54211e-01
  -9.70430e-04            -6.73029e-03             3.54211e-01
  -8.77987e-04            -6.09398e-03             3.54211e-01
  -7.84728e-04            -5.45205e-03             3.54211e-01
  -6.90675e-04            -4.80465e-03             3.54211e-01
  -5.95851e-04            -4.15196e-03             3.54211e-01
  -5.00280e-04            -3.49412e-03             3.54211e-01
  -4.05268e-04            -2.83118e-03             3.54211e-01
  -3.09685e-04            -2.16342e-03             3.54211e-01
  -2.13435e-04            -1.49101e-03             3.54211e-01
  -1.16543e-04            -8.14110e-04             3.54211e-01
  -1.90332e-05            -1.32889e-04             3.54211e-01
   7.84012e-05             5.52543e-04             3.54211e-01
   1.75834e-04             1.24201e-03             3.54211e-01
   2.73807e-04             1.93528e-03             3.54211e-01
   3.72294e-04             2.63220e-03             3.54211e-01
   4.71271e-04             3.33259e-03             3.54211e-01
   5.70474e-04             4.03630e-03             3.54211e-01
   6.68931e-04             4.74324e-03             3.54211e-01
   7.67799e-04             5.45312e-03             3.54211e-01
   8.67054e-04             6.16579e-03             3.54211e-01
   9.66671e-04             6.88105e-03             3.54211e-01
   1.06663e-03             7.59873e-03             3.54211e-01
   1.16652e-03             8.31869e-03             3.54211e-01
   1.26660e-03             9.04073e-03             3.54211e-01
   1.36694e-03             9.76466e-03             3.54211e-01
   1.46752e-03             1.04903e-02             3.54211e-01
   1.56832e-03             1.12175e-02             3.54211e-01
   1.66950e-03             1.19460e-02             3.54211e-01
   1.77111e-03             1.26756e-02             3.54211e-01
   1.87286e-03             1.34063e-02             3.54211e-01
   1.97472e-03             1.41378e-02             3.54211e-01
   2.07667e-03             1.48699e-02             3.54211e-01
   2.17867e-03             1.56024e-02             3.54211e-01
   2.28045e-03             1.63353e-02             3.54211e-01
   2.38224e-03             1.70682e-02             3.54211e-01
   2.48401e-03             1.78010e-02             3.54211e-01
   2.58575e-03             1.85336e-02             3.54211e-01
   2.68742e-03             1.92657e-02             3.54211e-01
   2.78738e-03             1.99974e-02             3.54211e-01
   2.88633e-03             2.07283e-02             3.54211e-01
   2.98513e-03             2.14582e-02             3.54211e-01
   3.08378e-03             2.21869e-02             3.54211e-01
   3.18225e-03             2.29143e-02             3.54211e-01
   3.27945e-03             2.36402e-02             3.54211e-01
   3.37197e-03             2.43648e-02             3.54211e-01
   3.46424e-03             2.50875e-02             3.54211e-01
   3.55625e-03             2.58081e-02             3.54211e-01
   3.64798e-03             2.65265e-02             3.54211e-01
   3.73939e-03             2.72425e-02             3.54211e-01
   3.82531e-03             2.79563e-02             3.54211e-01
   3.90861e-03             2.86675e-02             3.54211e-01
   3.99157e-03             2.93758e-02             3.54211e-01
   4.07416e-03             3.00809e-02             3.54211e-01
   4.15637e-03             3.07827e-02             3.54211e-01
   4.23700e-03             3.14812e-02             3.54211e-01
   4.31122e-03             3.21765e-02             3.54211e-01
   4.38502e-03             3.28679e-02             3.54211e-01
   4.45840e-03             3.35554e-02             3.54211e-01
   4.53134e-03             3.42388e-02             3.54211e-01
   4.60381e-03             3.49177e-02             3.54211e-01
   4.67125e-03             3.55926e-02             3.54211e-01
   4.73523e-03             3.62631e-02             3.54211e-01
   4.79875e-03             3.69287e-02             3.54211e-01
   4.86179e-03             3.75893e-02             3.54211e-01
   4.92433e-03             3.82448e-02             3.54211e-01
   4.98627e-03             3.88949e-02             3.54211e-01
   5.03988e-03             3.95402e-02             3.54211e-01
   5.09302e-03             4.01799e-02             3.54211e-01
   5.14568e-03             4.08138e-02             3.54211e-01
   5.19784e-03             4.14416e-02             3.54211e-01
   5.24950e-03             4.20634e-02             3.54211e-01
   5.29741e-03             4.26792e-02             3.54211e-01
   5.33995e-03             4.32889e-02             3.54211e-01
   5.38203e-03             4.38921e-02             3.54211e-01
   5.42365e-03             4.44886e-02             3.54211e-01
   5.46478e-03             4.50781e-02             3.54211e-01
   5.50543e-03             4.56606e-02             3.54211e-01
   5.53907e-03             4.62366e-02             3.54211e-01
   5.57016e-03             4.68054e-02             3.54211e-01
   5.60085e-03             4.73667e-02             3.54211e-01
   5.63113e-03             4.79204e-02             3.54211e-01
   5.66098e-03             4.84664e-02             3.54211e-01
   5.68970e-03             4.90046e-02             3.54211e-01
   5.71016e-03             4.95354e-02             3.54211e-01
   5.73030e-03             5.00581e-02             3.54211e-01
   5.75012e-03             5.05725e-02             3.54211e-01
   5.76961e-03             5.10785e-02             3.54211e-01
   5.78878e-03             5.15760e-02             3.54211e-01
   5.80427e-03             5.20651e-02             3.54211e-01
   5.81417e-03             5.25460e-02             3.54211e-01
   5.82388e-03             5.30179e-02             3.54211e-01
   5.83341e-03             5.34807e-02             3.54211e-01
   5.84276e-03             5.39345e-02             3.54211e-01
   5.85191e-03             5.43790e-02             3.54211e-01
   5.85543e-03             5.48146e-02             3.54211e-01
   5.85614e-03             5.52410e-02             3.54211e-01
   5.85683e-03             5.56578e-02             3.54211e-01
   5.85751e-03             5.60649e-02             3.54211e-01
   5.85817e-03             5.64623e-02             3.54211e-01
   5.85881e-03             5.68497e-02             3.54211e-01
   5.85185e-03             5.72278e-02             3.54211e-01
   5.84440e-03             5.75959e-02             3.54211e-01
   5.83715e-03             5.79538e-02             3.54211e-01
   5.83012e-03             5.83015e-02             3.54211e-01
   5.82329e-03             5.86387e-02             3.54211e-01
   5.81543e-03             5.89657e-02             3.54211e-01
   5.80071e-03             5.92827e-02             3.54211e-01
   5.78650e-03             5.95891e-02             3.54211e-01
   5.77277e-03             5.98848e-02             3.54211e-01
   5.75955e-03             6.01698e-02             3.54211e-01
   5.74683e-03             6.04439e-02             3.54211e-01
   5.73173e-03             6.07073e-02             3.54211e-01
   5.71210e-03             6.09602e-02             3.54211e-01
   5.69333e-03             6.12021e-02             3.54211e-01
   5.67543e-03             6.14328e-02             3.54211e-01
   5.65839e-03             6.16523e-02             3.54211e-01
   5.64223e-03             6.18606e-02             3.54211e-01
   5.62388e-03             6.20579e-02             3.54211e-01
   5.60435e-03             6.22440e-02             3.54211e-01
   5.58602e-03             6.24187e-02             3.54211e-01
   5.56888e-03             6.25819e-02             3.54211e-01
   5.55296e-03             6.27337e-02             3.54211e-01
   5.53824e-03             6.28739e-02             3.54211e-01
   5.52278e-03             6.30027e-02             3.54211e-01
   5.50839e-03             6.31200e-02             3.54211e-01
   5.49542e-03             6.32256e-02             3.54211e-01
   5.48389e-03             6.33195e-02             3.54211e-01
   5.47380e-03             6.34018e-02             3.54211e-01
   5.46493e-03             6.34723e-02             3.54211e-01
   5.45668e-03             6.35312e-02             3.54211e-01
   5.45007e-03             6.35783e-02             3.54211e-01
   5.44511e-03             6.36137e-02             3.54211e-01
   5.44180e-03             6.36373e-02             3.54211e-01
   5.44015e-03             6.36491e-02             3.54211e-01