2.19817e-03             4.98693e-02             4.63158e-01
   2.20093e-03             4.98601e-02             4.63158e-01
   2.20646e-03             4.98417e-02             4.63158e-01
   2.21475e-03             4.98141e-02             4.63158e-01
   2.22581e-03             4.97773e-02             4.63158e-01
   2.23962e-03             4.97314e-02             4.63158e-01
   2.25785e-03             4.96762e-02             4.63158e-01
   2.27922e-03             4.96118e-02             4.63158e-01
   2.30364e-03             4.95383e-02             4.63158e-01
   2.33108e-03             4.94556e-02             4.63158e-01
   2.36155e-03             4.93639e-02             4.63158e-01
   2.39635e-03             4.92630e-02             4.63158e-01
   2.43508e-03             4.91530e-02             4.63158e-01
   2.47699e-03             4.90339e-02             4.63158e-01
   2.52208e-03             4.89058e-02             4.63158e-01
   2.57033e-03             4.87688e-02             4.63158e-01
   2.62166e-03             4.86228e-02             4.63158e-01
   2.67606e-03             4.84679e-02             4.63158e-01
   2.73358e-03             4.83041e-02             4.63158e-01
   2.79419e-03             4.81315e-02             4.63158e-01
   2.85790e-03             4.79500e-02             4.63158e-01
   2.92182e-03             4.77600e-02             4.63158e-01
   2.98706e-03             4.75613e-02             4.63158e-01
   3.05515e-03             4.73540e-02             4.63158e-01
   3.12606e-03             4.71381e-02             4.63158e-01
   3.19977e-03             4.69137e-02             4.63158e-01
   3.26904e-03             4.66811e-02             4.63158e-01
   3.33980e-03             4.64401e-02             4.63158e-01
   3.41303e-03             4.61908e-02             4.63158e-01
   3.48869e-03             4.59332e-02             4.63158e-01
   3.56530e-03             4.56674e-02             4.63158e-01
   3.63636e-03             4.53939e-02             4.63158e-01
   3.70951e-03             4.51122e-02             4.63158e-01
   3.78474e-03             4.48225e-02             4.63158e-01
   3.86204e-03             4.45249e-02             4.63158e-01
   3.93853e-03             4.42195e-02             4.63158e-01
   4.01283e-03             4.39065e-02             4.63158e-01
   4.08897e-03             4.35859e-02             4.63158e-01
   4.16691e-03             4.32575e-02             4.63158e-01
   4.24665e-03             4.29217e-02             4.63158e-01
   4.32479e-03             4.25785e-02             4.63158e-01
   4.40267e-03             4.22281e-02             4.63158e-01
   4.48218e-03             4.18703e-02             4.63158e-01
   4.56328e-03             4.15053e-02             4.63158e-01
   4.64596e-03             4.11333e-02             4.63158e-01
   4.72564e-03             4.07544e-02             4.63158e-01
   4.80605e-03             4.03686e-02             4.63158e-01
   4.88788e-03             3.99760e-02             4.63158e-01
   4.97111e-03             3.95767e-02             4.63158e-01
   5.05520e-03             3.91708e-02             4.63158e-01
   5.13585e-03             3.87585e-02             4.63158e-01
   5.21775e-03             3.83399e-02             4.63158e-01
   5.30089e-03             3.79149e-02             4.63158e-01
   5.38524e-03             3.74837e-02             4.63158e-01
   5.46883e-03             3.70464e-02             4.63158e-01
   5.54994e-03             3.66033e-02             4.63158e-01
   5.63212e-03             3.61544e-02             4.63158e-01
   5.71536e-03             3.56996e-02             4.63158e-01
   5.79964e-03             3.52392e-02             4.63158e-01
   5.88119e-03             3.47734e-02             4.63158e-01
   5.96145e-03             3.43023e-02             4.63158e-01
   6.04261e-03             3.38258e-02             4.63158e-01
   6.12466e-03             3.33442e-02             4.63158e-01
   6.20758e-03             3.28574e-02             4.63158e-01
   6.28488e-03             3.23660e-02             4.63158e-01
   6.36241e-03             3.18698e-02             4.63158e-01
   6.44067e-03             3.13689e-02             4.63158e-01
   6.51966e-03             3.08633e-02             4.63158e-01
   6.59720e-03             3.03534e-02             4.63158e-01
   6.66917e-03             2.98395e-02             4.63158e-01
   6.74173e-03             2.93213e-02             4.63158e-01
   6.81487e-03             2.87990e-02             4.63158e-01
   6.88855e-03             2.82728e-02             4.63158e-01
   6.95599e-03             2.77430e-02             4.63158e-01
   7.01981e-03             2.72098e-02             4.63158e-01
   7.08405e-03             2.66730e-02             4.63158e-01
   7.14871e-03             2.61327e-02             4.63158e-01
   7.21357e-03             2.55892e-02             4.63158e-01
   7.26765e-03             2.50430e-02             4.63158e-01
   7.32204e-03             2.44938e-02             4.63158e-01
   7.37671e-03             2.39417e-02             4.63158e-01
   7.43165e-03             2.33868e-02             4.63158e-01
   7.48200e-03             2.28296e-02             4.63158e-01
   7.52581e-03             2.22701e-02             4.63158e-01
   7.56981e-03             2.17084e-02             4.63158e-01
   7.61397e-03             2.11444e-02             4.63158e-01
   7.65830e-03             2.05784e-02             4.63158e-01
   7.69294e-03             2.00109e-02             4.63158e-01
   7.72572e-03             1.94417e-02             4.63158e-01
   7.75859e-03             1.88709e-02             4.63158e-01
   7.79154e-03             1.82986e-02             4.63158e-01
   7.82160e-03             1.77250e-02             4.63158e-01
   7.84292e-03             1.71507e-02             4.63158e-01
   7.86427e-03             1.65752e-02             4.63158e-01
   7.88567e-03             1.59989e-02             4.63158e-01
   7.90709e-03             1.54217e-02             4.63158e-01
   7.92044e-03             1.48443e-02             4.63158e-01
   7.92986e-03             1.42666e-02             4.63158e-01
   7.93928e-03             1.36884e-02             4.63158e-01
   7.94871e-03             1.31101e-02             4.63158e-01
   7.95697e-03             1.25318e-02             4.63158e-01
   7.95437e-03             1.19540e-02             4.63158e-01
   7.95176e-03             1.13764e-02             4.63158e-01
   7.94916e-03             1.07992e-02             4.63158e-01
   7.94656e-03             1.02224e-02             4.63158e-01
   7.93780e-03             9.64663e-03             4.63158e-01
   7.92343e-03             9.07185e-03             4.63158e-01
   7.90909e-03             8.49799e-03             4.63158e-01
   7.89477e-03             7.92520e-03             4.63158e-01
   7.88048e-03             7.35361e-03             4.63158e-01
   7.85453e-03             6.78389e-03             4.63158e-01
   7.82804e-03             6.21568e-03             4.63158e-01
   7.80161e-03             5.64910e-03             4.63158e-01
   7.77527e-03             5.08429e-03             4.63158e-01
   7.74438e-03             4.52159e-03             4.63158e-01
   7.70592e-03             3.96128e-03             4.63158e-01
   7.66762e-03             3.40314e-03             4.63158e-01
   7.62947e-03             2.84733e-03             4.63158e-01
   7.59149e-03             2.29397e-03             4.63158e-01
   7.54393e-03             1.74364e-03             4.63158e-01
   7.49422e-03             1.19613e-03             4.63158e-01
   7.44477e-03             6.51493e-04             4.63158e-01
   7.39560e-03             1.09849e-04             4.63158e-01
   7.34385e-03            -4.28539e-04             4.63158e-01
   7.28303e-03            -9.63252e-04             4.63158e-01
   7.22260e-03            -1.49457e-03             4.63158e-01
   7.16257e-03            -2.02237e-03             4.63158e-01
   7.10296e-03            -2.54652e-03             4.63158e-01
   7.03561e-03            -3.06652e-03             4.63158e-01
   6.96460e-03            -3.58244e-03             4.63158e-01
   6.89415e-03            -4.09432e-03             4.63158e-01
   6.82428e-03            -4.60204e-03             4.63158e-01
   6.75379e-03            -5.10542e-03             4.63158e-01
   6.67222e-03            -5.60388e-03             4.63158e-01
   6.59138e-03            -6.09781e-03             4.63158e-01
   6.51131e-03            -6.58709e-03             4.63158e-01
   6.43202e-03            -7.07160e-03             4.63158e-01
   6.34676e-03            -7.55092e-03             4.63158e-01
   6.25634e-03            -8.02497e-03             4.63158e-01
   6.16689e-03            -8.49390e-03             4.63158e-01
   6.07844e-03            -8.95760e-03             4.63158e-01
   5.99101e-03            -9.41595e-03             4.63158e-01
   5.89186e-03            -9.86827e-03             4.63158e-01
   5.79349e-03            -1.03150e-02             4.63158e-01
   5.69636e-03            -1.07561e-02             4.63158e-01
   5.60050e-03            -1.11913e-02             4.63158e-01
   5.50019e-03            -1.16205e-02             4.63158e-01
   5.39305e-03            -1.20432e-02             4.63158e-01
   5.28746e-03            -1.24599e-02             4.63158e-01
   5.18344e-03            -1.28704e-02             4.63158e-01
   5.08101e-03            -1.32746e-02             4.63158e-01
   4.96776e-03            -1.36718e-02             4.63158e-01
   4.85438e-03            -1.40625e-02             4.63158e-01
   4.74292e-03            -1.44465e-02             4.63158e-01
   4.63339e-03            -1.48239e-02             4.63158e-01
   4.52084e-03            -1.51944e-02             4.63158e-01
   4.39998e-03            -1.55574e-02             4.63158e-01
   4.28143e-03            -1.59136e-02             4.63158e-01
   4.16522e-03            -1.62627e-02             4.63158e-01
   4.05138e-03            -1.66047e-02             4.63158e-01
   3.92685e-03            -1.69390e-02             4.63158e-01
   3.80172e-03            -1.72658e-02             4.63158e-01
   3.67940e-03            -1.75853e-02             4.63158e-01
   3.55993e-03            -1.78973e-02             4.63158e-01
   3.43835e-03            -1.82017e-02             4.63158e-01
   3.30749e-03            -1.84979e-02             4.63158e-01
   3.18001e-03            -1.87865e-02             4.63158e-01
   3.05592e-03            -1.90674e-02             4.63158e-01
   2.93527e-03            -1.93405e-02             4.63158e-01
   2.80197e-03            -1.96051e-02             4.63158e-01
   2.66847e-03            -1.98616e-02             4.63158e-01
   2.53911e-03            -2.01102e-02             4.63158e-01
   2.41391e-03            -2.03508e-02             4.63158e-01
   2.28538e-03            -2.05830e-02             4.63158e-01
   2.14644e-03            -2.08064e-02             4.63158e-01
   2.01256e-03            -2.10217e-02             4.63158e-01
   1.88377e-03            -2.12287e-02             4.63158e-01
   1.76011e-03            -2.14276e-02             4.63158e-01
   1.61962e-03            -2.16172e-02             4.63158e-01
   1.48272e-03            -2.17984e-02             4.63158e-01
   1.35211e-03            -2.19712e-02             4.63158e-01
   1.22784e-03            -2.21357e-02             4.63158e-01
   1.09467e-03            -2.22911e-02             4.63158e-01
   9.53123e-04            -2.24374e-02             4.63158e-01
   8.19718e-04            -2.25752e-02             4.63158e-01
   6.94491e-04            -2.27046e-02             4.63158e-01
   5.72527e-04            -2.28253e-02             4.63158e-01
   4.27150e-04            -2.29361e-02             4.63158e-01
   2.92817e-04            -2.30385e-02             4.63158e-01
   1.69562e-04            -2.31324e-02             4.63158e-01
   5.74150e-05            -2.32179e-02             4.63158e-01
  -8.22230e-05            -2.32932e-02             4.63158e-01
  -2.18148e-04            -2.33596e-02             4.63158e-01
  -3.37156e-04            -2.34178e-02             4.63158e-01
  -4.39217e-04            -2.34677e-02             4.63158e-01
  -5.70271e-04            -2.35073e-02             4.63158e-01
  -7.30210e-04            -2.35365e-02             4.63158e-01
  -8.50200e-04            -2.35585e-02             4.63158e-01
  -9.30209e-04            -2.35731e-02             4.63158e-01
  -9.70218e-04            -2.35804e-02             4.63158e-01
  -1.05915e-03            -2.35674e-02             4.63158e-01
  -1.23701e-03            -2.35414e-02             4.63158e-01
  -1.39525e-03            -2.35072e-02             4.63158e-01
  -1.43616e-03            -2.34691e-02             4.63158e-01
  -1.48729e-03            -2.34215e-02             4.63158e-01
  -1.54861e-03            -2.33644e-02             4.63158e-01
  -1.62011e-03            -2.32979e-02             4.63158e-01
  -1.67119e-03            -2.32232e-02             4.63158e-01
  -1.69850e-03            -2.31405e-02             4.63158e-01
  -1.72883e-03            -2.30488e-02             4.63158e-01
  -1.76216e-03            -2.29479e-02             4.63158e-01
  -1.79848e-03            -2.28380e-02             4.63158e-01
  -1.83185e-03            -2.27193e-02             4.63158e-01
  -1.85072e-03            -2.25924e-02             4.63158e-01
  -1.87092e-03            -2.24566e-02             4.63158e-01
  -1.89243e-03            -2.23119e-02             4.63158e-01
  -1.91526e-03            -2.21584e-02             4.63158e-01
  -1.93862e-03            -2.19961e-02             4.63158e-01
  -1.94577e-03            -2.18259e-02             4.63158e-01
  -1.95328e-03            -2.16469e-02             4.63158e-01
  -1.96116e-03            -2.14594e-02             4.63158e-01
  -1.96940e-03            -2.12632e-02             4.63158e-01
  -1.97799e-03            -2.10585e-02             4.63158e-01
  -1.97453e-03            -2.08459e-02             4.63158e-01
  -1.96884e-03            -2.06250e-02             4.63158e-01
  -1.96293e-03            -2.03957e-02             4.63158e-01
  -1.95680e-03            -2.01581e-02             4.63158e-01
  -1.95047e-03            -1.99123e-02             4.63158e-01
  -1.93775e-03            -1.96586e-02             4.63158e-01
  -1.92114e-03            -1.93969e-02             4.63158e-01
  -1.90402e-03            -1.91272e-02             4.63158e-01
  -1.88639e-03            -1.88496e-02             4.63158e-01
  -1.86826e-03            -1.85640e-02             4.63158e-01
  -1.84726e-03            -1.82707e-02             4.63158e-01
  -1.82166e-03            -1.79698e-02             4.63158e-01
  -1.79541e-03            -1.76613e-02             4.63158e-01
  -1.76852e-03            -1.73452e-02             4.63158e-01
  -1.74098e-03            -1.70215e-02             4.63158e-01
  -1.71259e-03            -1.66904e-02             4.63158e-01
  -1.68025e-03            -1.63521e-02             4.63158e-01
  -1.64722e-03            -1.60065e-02             4.63158e-01
  -1.61349e-03            -1.56538e-02             4.63158e-01
  -1.57909e-03            -1.52939e-02             4.63158e-01
  -1.54402e-03            -1.49270e-02             4.63158e-01
  -1.50667e-03            -1.45533e-02             4.63158e-01
  -1.46802e-03            -1.41728e-02             4.63158e-01
  -1.42868e-03            -1.37855e-02             4.63158e-01
  -1.38868e-03            -1.33916e-02             4.63158e-01
  -1.34801e-03            -1.29912e-02             4.63158e-01
  -1.30626e-03            -1.25843e-02             4.63158e-01
  -1.26317e-03            -1.21712e-02             4.63158e-01
  -1.21943e-03            -1.17518e-02             4.63158e-01
  -1.17505e-03            -1.13262e-02             4.63158e-01
  -1.13004e-03            -1.08947e-02             4.63158e-01
  -1.08440e-03            -1.04572e-02             4.63158e-01
  -1.03775e-03            -1.00139e-02             4.63158e-01
  -9.90506e-04            -9.56491e-03             4.63158e-01
  -9.42671e-04            -9.11032e-03             4.63158e-01
  -8.94258e-04            -8.65025e-03             4.63158e-01
  -8.45280e-04            -8.18482e-03             4.63158e-01
  -7.95808e-04            -7.71412e-03             4.63158e-01
  -7.45825e-04            -7.23829e-03             4.63158e-01
  -6.95316e-04            -6.75743e-03             4.63158e-01
  -6.44291e-04            -6.27168e-03             4.63158e-01
  -5.92764e-04            -5.78114e-03             4.63158e-01
  -5.40977e-04            -5.28593e-03             4.63158e-01
  -4.89289e-04            -4.78615e-03             4.63158e-01
  -4.37144e-04            -4.28196e-03             4.63158e-01
  -3.84555e-04            -3.77348e-03             4.63158e-01
  -3.31536e-04            -3.26083e-03             4.63158e-01
  -2.78098e-04            -2.74414e-03             4.63158e-01
  -2.25261e-04            -2.22350e-03             4.63158e-01
  -1.72134e-04            -1.69907e-03             4.63158e-01
  -1.18636e-04            -1.17098e-03             4.63158e-01
  -6.47805e-05            -6.39370e-04             4.63158e-01
  -1.05817e-05            -1.04366e-04             4.63158e-01
   4.34222e-05             4.33923e-04             4.63158e-01
   9.72955e-05             9.75360e-04             4.63158e-01
   1.51467e-04             1.51979e-03             4.63158e-01
   2.05923e-04             2.06708e-03             4.63158e-01
   2.60650e-04             2.61710e-03             4.63158e-01
   3.15446e-04             3.16972e-03             4.63158e-01
   3.69556e-04             3.72483e-03             4.63158e-01
   4.23893e-04             4.28226e-03             4.63158e-01
   4.78441e-04             4.84187e-03             4.63158e-01
   5.33189e-04             5.40351e-03             4.63158e-01
   5.88122e-04             5.96706e-03             4.63158e-01
   6.42931e-04             6.53239e-03             4.63158e-01
   6.97824e-04             7.09935e-03             4.63158e-01
   7.52860e-04             7.66779e-03             4.63158e-01
   8.08026e-04             8.23757e-03             4.63158e-01
   8.63309e-04             8.80856e-03             4.63158e-01
   9.18851e-04             9.38060e-03             4.63158e-01
   9.74692e-04             9.95355e-03             4.63158e-01
   1.03061e-03             1.05273e-02             4.63158e-01
   1.08659e-03             1.11017e-02             4.63158e-01
   1.14262e-03             1.16765e-02             4.63158e-01
   1.19867e-03             1.22518e-02             4.63158e-01
   1.25454e-03             1.28272e-02             4.63158e-01
   1.31041e-03             1.34027e-02             4.63158e-01
   1.36628e-03             1.39782e-02             4.63158e-01
   1.42212e-03             1.45534e-02             4.63158e-01
   1.47793e-03             1.51283e-02             4.63158e-01
   1.53242e-03             1.57027e-02             4.63158e-01
   1.58614e-03             1.62766e-02             4.63158e-01
   1.63978e-03             1.68496e-02             4.63158e-01
   1.69334e-03             1.74217e-02             4.63158e-01
   1.74680e-03             1.79928e-02             4.63158e-01
   1.79932e-03             1.85627e-02             4.63158e-01
   1.84822e-03             1.91314e-02             4.63158e-01
   1.89700e-03             1.96986e-02             4.63158e-01
   1.94564e-03             2.02642e-02             4.63158e-01
   1.99412e-03             2.08281e-02             4.63158e-01
   2.04244e-03             2.13900e-02             4.63158e-01
   2.08654e-03             2.19501e-02             4.63158e-01
   2.12868e-03             2.25080e-02             4.63158e-01
   2.17065e-03             2.30637e-02             4.63158e-01
   2.21243e-03             2.36169e-02             4.63158e-01
   2.25402e-03             2.41675e-02             4.63158e-01
   2.29448e-03             2.47154e-02             4.63158e-01
   2.33004e-03             2.52606e-02             4.63158e-01
   2.36540e-03             2.58029e-02             4.63158e-01
   2.40056e-03             2.63420e-02             4.63158e-01
   2.43550e-03             2.68779e-02             4.63158e-01
   2.47022e-03             2.74103e-02             4.63158e-01
   2.50115e-03             2.79394e-02             4.63158e-01
   2.52952e-03             2.84649e-02             4.63158e-01
   2.55768e-03             2.89867e-02             4.63158e-01
   2.58563e-03             2.95045e-02             4.63158e-01
   2.61336e-03             3.00182e-02             4.63158e-01
   2.64078e-03             3.05278e-02             4.63158e-01
   2.66186e-03             3.10334e-02             4.63158e-01
   2.68276e-03             3.15345e-02             4.63158e-01
   2.70346e-03             3.20311e-02             4.63158e-01
   2.72397e-03             3.25230e-02             4.63158e-01
   2.74428e-03             3.30101e-02             4.63158e-01
   2.76187e-03             3.34924e-02             4.63158e-01
   2.77545e-03             3.39699e-02             4.63158e-01
   2.78889e-03             3.44421e-02             4.63158e-01
   2.80217e-03             3.49091e-02             4.63158e-01
   2.81531e-03             3.53708e-02             4.63158e-01
   2.82829e-03             3.58269e-02             4.63158e-01
   2.83601e-03             3.62776e-02             4.63158e-01
   2.84198e-03             3.67227e-02             4.63158e-01
   2.84786e-03             3.71619e-02             4.63158e-01
   2.85367e-03             3.75952e-02             4.63158e-01
   2.85940e-03             3.80225e-02             4.63158e-01
   2.86450e-03             3.84436e-02             4.63158e-01
   2.86338e-03             3.88587e-02             4.63158e-01
   2.86227e-03             3.92674e-02             4.63158e-01
   2.86119e-03             3.96697e-02             4.63158e-01
   2.86012e-03             4.00654e-02             4.63158e-01
   2.85906e-03             4.04545e-02             4.63158e-01
   2.85541e-03             4.08368e-02             4.63158e-01
   2.84766e-03             4.12126e-02             4.63158e-01
   2.84005e-03             4.15813e-02             4.63158e-01
   2.83259e-03             4.19430e-02             4.63158e-01
   2.82527e-03             4.22976e-02             4.63158e-01
   2.81811e-03             4.26449e-02             4.63158e-01
   2.80683e-03             4.29852e-02             4.63158e-01
   2.79366e-03             4.33181e-02             4.63158e-01
   2.78078e-03             4.36435e-02             4.63158e-01
   2.76820e-03             4.39614e-02             4.63158e-01
   2.75592e-03             4.42716e-02             4.63158e-01
   2.74395e-03             4.45742e-02             4.63158e-01
   2.72634e-03             4.48692e-02             4.63158e-01
   2.70867e-03             4.51563e-02             4.63158e-01
   2.69149e-03             4.54355e-02             4.63158e-01
   2.67481e-03             4.57067e-02             4.63158e-01
   2.65862e-03             4.59698e-02             4.63158e-01
   2.64195e-03             4.62248e-02             4.63158e-01
   2.62026e-03             4.64719e-02             4.63158e-01
   2.59929e-03             4.67106e-02             4.63158e-01
   2.57906e-03             4.69411e-02             4.63158e-01
   2.55956e-03             4.71631e-02             4.63158e-01
   2.54080e-03             4.73767e-02             4.63158e-01
   2.52053e-03             4.75819e-02             4.63158e-01
   2.49707e-03             4.77787e-02             4.63158e-01
   2.47463e-03             4.79669e-02             4.63158e-01
   2.45322e-03             4.81465e-02             4.63158e-01
   2.43285e-03             4.83173e-02             4.63158e-01
   2.41352e-03             4.84794e-02             4.63158e-01
   2.39285e-03             4.86329e-02             4.63158e-01
   2.37161e-03             4.87775e-02             4.63158e-01
   2.35167e-03             4.89133e-02             4.63158e-01
   2.33303e-03             4.90402e-02             4.63158e-01
   2.31571e-03             4.91582e-02             4.63158e-01
   2.29971e-03             4.92672e-02             4.63158e-01
   2.28349e-03             4.93673e-02             4.63158e-01
   2.26848e-03             4.94584e-02             4.63158e-01
   2.25496e-03             4.95404e-02             4.63158e-01
   2.24293e-03             4.96134e-02             4.63158e-01
   2.23240e-03             4.96773e-02             4.63158e-01
   2.22321e-03             4.97321e-02             4.63158e-01
   2.21487e-03             4.97778e-02             4.63158e-01
   2.20819e-03             4.98144e-02             4.63158e-01
   2.20318e-03             4.98418e-02             4.63158e-01
   2.19984e-03             4.98601e-02             4.63158e-01
   2.19817e-03             4.98693e-02             4.63158e-01