4.03846e-03             5.83322e-02             3.90526e-01
   4.04143e-03             5.83214e-02             3.90526e-01
   4.04736e-03             5.82997e-02             3.90526e-01
   4.05626e-03             5.82671e-02             3.90526e-01
   4.06812e-03             5.82237e-02             3.90526e-01
   4.08294e-03             5.81695e-02             3.90526e-01
   4.10267e-03             5.81043e-02             3.90526e-01
   4.12581e-03             5.80283e-02             3.90526e-01
   4.15224e-03             5.79415e-02             3.90526e-01
   4.18195e-03             5.78439e-02             3.90526e-01
   4.21494e-03             5.77356e-02             3.90526e-01
   4.25272e-03             5.76164e-02             3.90526e-01
   4.29484e-03             5.74864e-02             3.90526e-01
   4.34043e-03             5.73458e-02             3.90526e-01
   4.38947e-03             5.71945e-02             3.90526e-01
   4.44194e-03             5.70326e-02             3.90526e-01
   4.49776e-03             5.68601e-02             3.90526e-01
   4.55692e-03             5.66771e-02             3.90526e-01
   4.61946e-03             5.64836e-02             3.90526e-01
   4.68537e-03             5.62797e-02             3.90526e-01
   4.75464e-03             5.60654e-02             3.90526e-01
   4.82391e-03             5.58410e-02             3.90526e-01
   4.89448e-03             5.56065e-02             3.90526e-01
   4.96812e-03             5.53617e-02             3.90526e-01
   5.04481e-03             5.51068e-02             3.90526e-01
   5.12454e-03             5.48418e-02             3.90526e-01
   5.19882e-03             5.45674e-02             3.90526e-01
   5.27461e-03             5.42832e-02             3.90526e-01
   5.35304e-03             5.39891e-02             3.90526e-01
   5.43407e-03             5.36852e-02             3.90526e-01
   5.51598e-03             5.33717e-02             3.90526e-01
   5.59115e-03             5.30493e-02             3.90526e-01
   5.66854e-03             5.27173e-02             3.90526e-01
   5.74813e-03             5.23759e-02             3.90526e-01
   5.82991e-03             5.20251e-02             3.90526e-01
   5.91051e-03             5.16653e-02             3.90526e-01
   5.98833e-03             5.12966e-02             3.90526e-01
   6.06806e-03             5.09188e-02             3.90526e-01
   6.14970e-03             5.05321e-02             3.90526e-01
   6.23321e-03             5.01365e-02             3.90526e-01
   6.31463e-03             4.97323e-02             3.90526e-01
   6.39554e-03             4.93196e-02             3.90526e-01
   6.47813e-03             4.88984e-02             3.90526e-01
   6.56239e-03             4.84686e-02             3.90526e-01
   6.64828e-03             4.80305e-02             3.90526e-01
   6.73046e-03             4.75845e-02             3.90526e-01
   6.81329e-03             4.71304e-02             3.90526e-01
   6.89759e-03             4.66683e-02             3.90526e-01
   6.98333e-03             4.61982e-02             3.90526e-01
   7.06988e-03             4.57204e-02             3.90526e-01
   7.15220e-03             4.52353e-02             3.90526e-01
   7.23581e-03             4.47426e-02             3.90526e-01
   7.32069e-03             4.42425e-02             3.90526e-01
   7.40680e-03             4.37351e-02             3.90526e-01
   7.49185e-03             4.32206e-02             3.90526e-01
   7.57381e-03             4.26994e-02             3.90526e-01
   7.65686e-03             4.21713e-02             3.90526e-01
   7.74098e-03             4.16363e-02             3.90526e-01
   7.82615e-03             4.10947e-02             3.90526e-01
   7.90798e-03             4.05469e-02             3.90526e-01
   7.98812e-03             3.99928e-02             3.90526e-01
   8.06918e-03             3.94325e-02             3.90526e-01
   8.15111e-03             3.88661e-02             3.90526e-01
   8.23391e-03             3.82937e-02             3.90526e-01
   8.31000e-03             3.77160e-02             3.90526e-01
   8.38621e-03             3.71326e-02             3.90526e-01
   8.46315e-03             3.65437e-02             3.90526e-01
   8.54080e-03             3.59494e-02             3.90526e-01
   8.61663e-03             3.53500e-02             3.90526e-01
   8.68582e-03             3.47461e-02             3.90526e-01
   8.75557e-03             3.41371e-02             3.90526e-01
   8.82587e-03             3.35234e-02             3.90526e-01
   8.89670e-03             3.29051e-02             3.90526e-01
   8.96012e-03             3.22827e-02             3.90526e-01
   9.01919e-03             3.16564e-02             3.90526e-01
   9.07865e-03             3.10259e-02             3.90526e-01
   9.13850e-03             3.03914e-02             3.90526e-01
   9.19849e-03             2.97530e-02             3.90526e-01
   9.24579e-03             2.91119e-02             3.90526e-01
   9.29334e-03             2.84671e-02             3.90526e-01
   9.34115e-03             2.78190e-02             3.90526e-01
   9.38920e-03             2.71677e-02             3.90526e-01
   9.43179e-03             2.65136e-02             3.90526e-01
   9.46667e-03             2.58573e-02             3.90526e-01
   9.50169e-03             2.51982e-02             3.90526e-01
   9.53684e-03             2.45365e-02             3.90526e-01
   9.57213e-03             2.38724e-02             3.90526e-01
   9.59603e-03             2.32068e-02             3.90526e-01
   9.61770e-03             2.25393e-02             3.90526e-01
   9.63942e-03             2.18699e-02             3.90526e-01
   9.66121e-03             2.11988e-02             3.90526e-01
   9.67956e-03             2.05263e-02             3.90526e-01
   9.68766e-03             1.98531e-02             3.90526e-01
   9.69577e-03             1.91786e-02             3.90526e-01
   9.70390e-03             1.85031e-02             3.90526e-01
   9.71203e-03             1.78266e-02             3.90526e-01
   9.71071e-03             1.71501e-02             3.90526e-01
   9.70477e-03             1.64732e-02             3.90526e-01
   9.69884e-03             1.57960e-02             3.90526e-01
   9.69290e-03             1.51185e-02             3.90526e-01
   9.68558e-03             1.44410e-02             3.90526e-01
   9.66557e-03             1.37645e-02             3.90526e-01
   9.64556e-03             1.30882e-02             3.90526e-01
   9.62556e-03             1.24124e-02             3.90526e-01
   9.60558e-03             1.17371e-02             3.90526e-01
   9.57841e-03             1.10631e-02             3.90526e-01
   9.54471e-03             1.03904e-02             3.90526e-01
   9.51106e-03             9.71887e-03             3.90526e-01
   9.47747e-03             9.04855e-03             3.90526e-01
   9.44395e-03             8.37965e-03             3.90526e-01
   9.39684e-03             7.71327e-03             3.90526e-01
   9.34913e-03             7.04868e-03             3.90526e-01
   9.30155e-03             6.38599e-03             3.90526e-01
   9.25412e-03             5.72537e-03             3.90526e-01
   9.20142e-03             5.06736e-03             3.90526e-01
   9.13994e-03             4.41236e-03             3.90526e-01
   9.07869e-03             3.75991e-03             3.90526e-01
   9.01770e-03             3.11017e-03             3.90526e-01
   8.95697e-03             2.46331e-03             3.90526e-01
   8.88512e-03             1.82026e-03             3.90526e-01
   8.81083e-03             1.18060e-03             3.90526e-01
   8.73694e-03             5.44281e-04             3.90526e-01
   8.66345e-03            -8.85382e-05             3.90526e-01
   8.58704e-03            -7.17469e-04             3.90526e-01
   8.50012e-03            -1.34183e-03             3.90526e-01
   8.41376e-03            -1.96223e-03             3.90526e-01
   8.32796e-03            -2.57852e-03             3.90526e-01
   8.24277e-03            -3.19054e-03             3.90526e-01
   8.14862e-03            -3.79749e-03             3.90526e-01
   8.05033e-03            -4.39954e-03             3.90526e-01
   7.95280e-03            -4.99688e-03             3.90526e-01
   7.85607e-03            -5.58936e-03             3.90526e-01
   7.75875e-03            -6.17675e-03             3.90526e-01
   7.64859e-03            -6.75805e-03             3.90526e-01
   7.53943e-03            -7.33407e-03             3.90526e-01
   7.43130e-03            -7.90466e-03             3.90526e-01
   7.32422e-03            -8.46969e-03             3.90526e-01
   7.21030e-03            -9.02847e-03             3.90526e-01
   7.09050e-03            -9.58093e-03             3.90526e-01
   6.97198e-03            -1.01274e-02             3.90526e-01
   6.85479e-03            -1.06678e-02             3.90526e-01
   6.73896e-03            -1.12020e-02             3.90526e-01
   6.60957e-03            -1.17287e-02             3.90526e-01
   6.48125e-03            -1.22490e-02             3.90526e-01
   6.35456e-03            -1.27626e-02             3.90526e-01
   6.22954e-03            -1.32695e-02             3.90526e-01
   6.09947e-03            -1.37691e-02             3.90526e-01
   5.96160e-03            -1.42610e-02             3.90526e-01
   5.82571e-03            -1.47458e-02             3.90526e-01
   5.69185e-03            -1.52234e-02             3.90526e-01
   5.56004e-03            -1.56937e-02             3.90526e-01
   5.41576e-03            -1.61555e-02             3.90526e-01
   5.27152e-03            -1.66097e-02             3.90526e-01
   5.12972e-03            -1.70561e-02             3.90526e-01
   4.99039e-03            -1.74949e-02             3.90526e-01
   4.84771e-03            -1.79253e-02             3.90526e-01
   4.69552e-03            -1.83469e-02             3.90526e-01
   4.54624e-03            -1.87605e-02             3.90526e-01
   4.39990e-03            -1.91659e-02             3.90526e-01
   4.25655e-03            -1.95631e-02             3.90526e-01
   4.10091e-03            -1.99508e-02             3.90526e-01
   3.94479e-03            -2.03298e-02             3.90526e-01
   3.79218e-03            -2.07004e-02             3.90526e-01
   3.64311e-03            -2.10623e-02             3.90526e-01
   3.49180e-03            -2.14151e-02             3.90526e-01
   3.32987e-03            -2.17581e-02             3.90526e-01
   3.17211e-03            -2.20923e-02             3.90526e-01
   3.01856e-03            -2.24176e-02             3.90526e-01
   2.86926e-03            -2.27339e-02             3.90526e-01
   2.70539e-03            -2.30398e-02             3.90526e-01
   2.54154e-03            -2.33363e-02             3.90526e-01
   2.38275e-03            -2.36235e-02             3.90526e-01
   2.22908e-03            -2.39016e-02             3.90526e-01
   2.07176e-03            -2.41697e-02             3.90526e-01
   1.90250e-03            -2.44272e-02             3.90526e-01
   1.73940e-03            -2.46754e-02             3.90526e-01
   1.58251e-03            -2.49141e-02             3.90526e-01
   1.43186e-03            -2.51433e-02             3.90526e-01
   1.26178e-03            -2.53612e-02             3.90526e-01
   1.09615e-03            -2.55694e-02             3.90526e-01
   9.38138e-04            -2.57679e-02             3.90526e-01
   7.87782e-04            -2.59569e-02             3.90526e-01
   6.27281e-04            -2.61349e-02             3.90526e-01
   4.57232e-04            -2.63021e-02             3.90526e-01
   2.96968e-04            -2.64596e-02             3.90526e-01
   1.46528e-04            -2.66074e-02             3.90526e-01
   1.62784e-07            -2.67452e-02             3.90526e-01
  -1.73327e-04            -2.68707e-02             3.90526e-01
  -3.33636e-04            -2.69866e-02             3.90526e-01
  -4.80726e-04            -2.70930e-02             3.90526e-01
  -6.14560e-04            -2.71898e-02             3.90526e-01
  -7.80286e-04            -2.72739e-02             3.90526e-01
  -9.41405e-04            -2.73477e-02             3.90526e-01
  -1.08247e-03            -2.74123e-02             3.90526e-01
  -1.20345e-03            -2.74677e-02             3.90526e-01
  -1.35808e-03            -2.75102e-02             3.90526e-01
  -1.54622e-03            -2.75398e-02             3.90526e-01
  -1.68737e-03            -2.75619e-02             3.90526e-01
  -1.78149e-03            -2.75767e-02             3.90526e-01
  -1.82856e-03            -2.75841e-02             3.90526e-01
  -1.93232e-03            -2.75663e-02             3.90526e-01
  -2.13982e-03            -2.75306e-02             3.90526e-01
  -2.32412e-03            -2.74859e-02             3.90526e-01
  -2.37091e-03            -2.74401e-02             3.90526e-01
  -2.42938e-03            -2.73829e-02             3.90526e-01
  -2.49951e-03            -2.73142e-02             3.90526e-01
  -2.58128e-03            -2.72341e-02             3.90526e-01
  -2.63891e-03            -2.71452e-02             3.90526e-01
  -2.66846e-03            -2.70476e-02             3.90526e-01
  -2.70128e-03            -2.69393e-02             3.90526e-01
  -2.73734e-03            -2.68202e-02             3.90526e-01
  -2.77665e-03            -2.66904e-02             3.90526e-01
  -2.81224e-03            -2.65505e-02             3.90526e-01
  -2.83061e-03            -2.64013e-02             3.90526e-01
  -2.85027e-03            -2.62417e-02             3.90526e-01
  -2.87122e-03            -2.60716e-02             3.90526e-01
  -2.89344e-03            -2.58912e-02             3.90526e-01
  -2.91603e-03            -2.57005e-02             3.90526e-01
  -2.91940e-03            -2.55009e-02             3.90526e-01
  -2.92295e-03            -2.52911e-02             3.90526e-01
  -2.92666e-03            -2.50712e-02             3.90526e-01
  -2.93055e-03            -2.48413e-02             3.90526e-01
  -2.93460e-03            -2.46014e-02             3.90526e-01
  -2.92431e-03            -2.43525e-02             3.90526e-01
  -2.91115e-03            -2.40940e-02             3.90526e-01
  -2.89750e-03            -2.38257e-02             3.90526e-01
  -2.88335e-03            -2.35476e-02             3.90526e-01
  -2.86871e-03            -2.32600e-02             3.90526e-01
  -2.84637e-03            -2.29632e-02             3.90526e-01
  -2.81924e-03            -2.26573e-02             3.90526e-01
  -2.79127e-03            -2.23420e-02             3.90526e-01
  -2.76247e-03            -2.20174e-02             3.90526e-01
  -2.73286e-03            -2.16835e-02             3.90526e-01
  -2.69965e-03            -2.13407e-02             3.90526e-01
  -2.66085e-03            -2.09891e-02             3.90526e-01
  -2.62105e-03            -2.06286e-02             3.90526e-01
  -2.58027e-03            -2.02592e-02             3.90526e-01
  -2.53852e-03            -1.98810e-02             3.90526e-01
  -2.49555e-03            -1.94941e-02             3.90526e-01
  -2.44775e-03            -1.90989e-02             3.90526e-01
  -2.39892e-03            -1.86952e-02             3.90526e-01
  -2.34907e-03            -1.82831e-02             3.90526e-01
  -2.29822e-03            -1.78627e-02             3.90526e-01
  -2.24637e-03            -1.74342e-02             3.90526e-01
  -2.19166e-03            -1.69976e-02             3.90526e-01
  -2.13523e-03            -1.65532e-02             3.90526e-01
  -2.07780e-03            -1.61009e-02             3.90526e-01
  -2.01938e-03            -1.56408e-02             3.90526e-01
  -1.96000e-03            -1.51731e-02             3.90526e-01
  -1.89917e-03            -1.46979e-02             3.90526e-01
  -1.83657e-03            -1.42153e-02             3.90526e-01
  -1.77304e-03            -1.37255e-02             3.90526e-01
  -1.70857e-03            -1.32285e-02             3.90526e-01
  -1.64319e-03            -1.27244e-02             3.90526e-01
  -1.57690e-03            -1.22135e-02             3.90526e-01
  -1.50926e-03            -1.16958e-02             3.90526e-01
  -1.44075e-03            -1.11714e-02             3.90526e-01
  -1.37139e-03            -1.06405e-02             3.90526e-01
  -1.30119e-03            -1.01032e-02             3.90526e-01
  -1.23017e-03            -9.55957e-03             3.90526e-01
  -1.15841e-03            -9.00984e-03             3.90526e-01
  -1.08591e-03            -8.45411e-03             3.90526e-01
  -1.01264e-03            -7.89252e-03             3.90526e-01
  -9.38630e-04            -7.32519e-03             3.90526e-01
  -8.63888e-04            -6.75229e-03             3.90526e-01
  -7.88703e-04            -6.17392e-03             3.90526e-01
  -7.13501e-04            -5.59020e-03             3.90526e-01
  -6.37634e-04            -5.00133e-03             3.90526e-01
  -5.61121e-04            -4.40744e-03             3.90526e-01
  -4.83981e-04            -3.80869e-03             3.90526e-01
  -4.06234e-04            -3.20522e-03             3.90526e-01
  -3.29073e-04            -2.59710e-03             3.90526e-01
  -2.51461e-04            -1.98455e-03             3.90526e-01
  -1.73308e-04            -1.36773e-03             3.90526e-01
  -9.46329e-05            -7.46798e-04             3.90526e-01
  -1.54558e-05            -1.21901e-04             3.90526e-01
   6.35894e-05             5.06847e-04             3.90526e-01
   1.42574e-04             1.13929e-03             3.90526e-01
   2.21996e-04             1.77522e-03             3.90526e-01
   3.01835e-04             2.41450e-03             3.90526e-01
   3.82071e-04             3.05696e-03             3.90526e-01
   4.62465e-04             3.70247e-03             3.90526e-01
   5.42129e-04             4.35091e-03             3.90526e-01
   6.22125e-04             5.00206e-03             3.90526e-01
   7.02434e-04             5.65576e-03             3.90526e-01
   7.83036e-04             6.31184e-03             3.90526e-01
   8.63912e-04             6.97014e-03             3.90526e-01
   9.44694e-04             7.63053e-03             3.90526e-01
   1.02562e-03             8.29282e-03             3.90526e-01
   1.10676e-03             8.95685e-03             3.90526e-01
   1.18809e-03             9.62244e-03             3.90526e-01
   1.26959e-03             1.02894e-02             3.90526e-01
   1.35143e-03             1.09577e-02             3.90526e-01
   1.43365e-03             1.16270e-02             3.90526e-01
   1.51597e-03             1.22972e-02             3.90526e-01
   1.59839e-03             1.29681e-02             3.90526e-01
   1.68088e-03             1.36396e-02             3.90526e-01
   1.76341e-03             1.43116e-02             3.90526e-01
   1.84573e-03             1.49838e-02             3.90526e-01
   1.92806e-03             1.56561e-02             3.90526e-01
   2.01037e-03             1.63283e-02             3.90526e-01
   2.09266e-03             1.70002e-02             3.90526e-01
   2.17490e-03             1.76718e-02             3.90526e-01
   2.25557e-03             1.83428e-02             3.90526e-01
   2.33532e-03             1.90132e-02             3.90526e-01
   2.41497e-03             1.96827e-02             3.90526e-01
   2.49449e-03             2.03511e-02             3.90526e-01
   2.57385e-03             2.10182e-02             3.90526e-01
   2.65209e-03             2.16840e-02             3.90526e-01
   2.72606e-03             2.23486e-02             3.90526e-01
   2.79983e-03             2.30113e-02             3.90526e-01
   2.87339e-03             2.36722e-02             3.90526e-01
   2.94672e-03             2.43311e-02             3.90526e-01
   3.01981e-03             2.49877e-02             3.90526e-01
   3.08789e-03             2.56422e-02             3.90526e-01
   3.15362e-03             2.62943e-02             3.90526e-01
   3.21908e-03             2.69438e-02             3.90526e-01
   3.28426e-03             2.75903e-02             3.90526e-01
   3.34912e-03             2.82338e-02             3.90526e-01
   3.41260e-03             2.88743e-02             3.90526e-01
   3.47025e-03             2.95117e-02             3.90526e-01
   3.52758e-03             3.01456e-02             3.90526e-01
   3.58458e-03             3.07759e-02             3.90526e-01
   3.64123e-03             3.14024e-02             3.90526e-01
   3.69753e-03             3.20249e-02             3.90526e-01
   3.74928e-03             3.26435e-02             3.90526e-01
   3.79793e-03             3.32581e-02             3.90526e-01
   3.84622e-03             3.38682e-02             3.90526e-01
   3.89416e-03             3.44737e-02             3.90526e-01
   3.94172e-03             3.50745e-02             3.90526e-01
   3.98879e-03             3.56704e-02             3.90526e-01
   4.02832e-03             3.62618e-02             3.90526e-01
   4.06751e-03             3.68480e-02             3.90526e-01
   4.10634e-03             3.74289e-02             3.90526e-01
   4.14480e-03             3.80043e-02             3.90526e-01
   4.18289e-03             3.85741e-02             3.90526e-01
   4.21764e-03             3.91384e-02             3.90526e-01
   4.24756e-03             3.96971e-02             3.90526e-01
   4.27717e-03             4.02497e-02             3.90526e-01
   4.30644e-03             4.07962e-02             3.90526e-01
   4.33538e-03             4.13364e-02             3.90526e-01
   4.36397e-03             4.18701e-02             3.90526e-01
   4.38625e-03             4.23977e-02             3.90526e-01
   4.40630e-03             4.29187e-02             3.90526e-01
   4.42610e-03             4.34329e-02             3.90526e-01
   4.44562e-03             4.39401e-02             3.90526e-01
   4.46488e-03             4.44402e-02             3.90526e-01
   4.48322e-03             4.49332e-02             3.90526e-01
   4.49409e-03             4.54193e-02             3.90526e-01
   4.50480e-03             4.58980e-02             3.90526e-01
   4.51534e-03             4.63691e-02             3.90526e-01
   4.52571e-03             4.68325e-02             3.90526e-01
   4.53590e-03             4.72881e-02             3.90526e-01
   4.54285e-03             4.77360e-02             3.90526e-01
   4.54480e-03             4.81761e-02             3.90526e-01
   4.54672e-03             4.86082e-02             3.90526e-01
   4.54861e-03             4.90320e-02             3.90526e-01
   4.55045e-03             4.94474e-02             3.90526e-01
   4.55226e-03             4.98543e-02             3.90526e-01
   4.54905e-03             5.02531e-02             3.90526e-01
   4.54340e-03             5.06433e-02             3.90526e-01
   4.53787e-03             5.10248e-02             3.90526e-01
   4.53247e-03             5.13974e-02             3.90526e-01
   4.52721e-03             5.17610e-02             3.90526e-01
   4.52207e-03             5.21156e-02             3.90526e-01
   4.51012e-03             5.24616e-02             3.90526e-01
   4.49786e-03             5.27983e-02             3.90526e-01
   4.48594e-03             5.31258e-02             3.90526e-01
   4.47436e-03             5.34438e-02             3.90526e-01
   4.46313e-03             5.37524e-02             3.90526e-01
   4.45110e-03             5.40515e-02             3.90526e-01
   4.43296e-03             5.43415e-02             3.90526e-01
   4.41542e-03             5.46217e-02             3.90526e-01
   4.39849e-03             5.48921e-02             3.90526e-01
   4.38218e-03             5.51527e-02             3.90526e-01
   4.36649e-03             5.54034e-02             3.90526e-01
   4.34877e-03             5.56442e-02             3.90526e-01
   4.32707e-03             5.58754e-02             3.90526e-01
   4.30633e-03             5.60965e-02             3.90526e-01
   4.28653e-03             5.63073e-02             3.90526e-01
   4.26770e-03             5.65080e-02             3.90526e-01
   4.24982e-03             5.66984e-02             3.90526e-01
   4.23012e-03             5.68787e-02             3.90526e-01
   4.20949e-03             5.70487e-02             3.90526e-01
   4.19013e-03             5.72083e-02             3.90526e-01
   4.17204e-03             5.73575e-02             3.90526e-01
   4.15522e-03             5.74961e-02             3.90526e-01
   4.13968e-03             5.76242e-02             3.90526e-01
   4.12363e-03             5.77419e-02             3.90526e-01
   4.10872e-03             5.78490e-02             3.90526e-01
   4.09530e-03             5.79455e-02             3.90526e-01
   4.08336e-03             5.80313e-02             3.90526e-01
   4.07290e-03             5.81064e-02             3.90526e-01
   4.06375e-03             5.81708e-02             3.90526e-01
   4.05532e-03             5.82246e-02             3.90526e-01
   4.04858e-03             5.82676e-02             3.90526e-01
   4.04352e-03             5.82999e-02             3.90526e-01
   4.04014e-03             5.83215e-02             3.90526e-01
   4.03846e-03             5.83322e-02             3.90526e-01