-2.85830e-04             3.12744e-02             7.53684e-01
  -2.83793e-04             3.12687e-02             7.53684e-01
  -2.79721e-04             3.12574e-02             7.53684e-01
  -2.73615e-04             3.12404e-02             7.53684e-01
  -2.65475e-04             3.12177e-02             7.53684e-01
  -2.55304e-04             3.11895e-02             7.53684e-01
  -2.42057e-04             3.11555e-02             7.53684e-01
  -2.26540e-04             3.11160e-02             7.53684e-01
  -2.08817e-04             3.10708e-02             7.53684e-01
  -1.88893e-04             3.10200e-02             7.53684e-01
  -1.66772e-04             3.09636e-02             7.53684e-01
  -1.41641e-04             3.09016e-02             7.53684e-01
  -1.13745e-04             3.08341e-02             7.53684e-01
  -8.35547e-05             3.07610e-02             7.53684e-01
  -5.10784e-05             3.06824e-02             7.53684e-01
  -1.63241e-05             3.05982e-02             7.53684e-01
   2.06536e-05             3.05086e-02             7.53684e-01
   5.98486e-05             3.04135e-02             7.53684e-01
   1.01289e-04             3.03129e-02             7.53684e-01
   1.44965e-04             3.02069e-02             7.53684e-01
   1.90866e-04             3.00956e-02             7.53684e-01
   2.37187e-04             2.99788e-02             7.53684e-01
   2.84626e-04             2.98567e-02             7.53684e-01
   3.34130e-04             2.97292e-02             7.53684e-01
   3.85685e-04             2.95965e-02             7.53684e-01
   4.39280e-04             2.94586e-02             7.53684e-01
   4.90364e-04             2.93153e-02             7.53684e-01
   5.42668e-04             2.91669e-02             7.53684e-01
   5.96785e-04             2.90134e-02             7.53684e-01
   6.52702e-04             2.88547e-02             7.53684e-01
   7.09492e-04             2.86910e-02             7.53684e-01
   7.63060e-04             2.85222e-02             7.53684e-01
   8.18211e-04             2.83484e-02             7.53684e-01
   8.74931e-04             2.81697e-02             7.53684e-01
   9.33206e-04             2.79860e-02             7.53684e-01
   9.91233e-04             2.77975e-02             7.53684e-01
   1.04815e-03             2.76042e-02             7.53684e-01
   1.10646e-03             2.74061e-02             7.53684e-01
   1.16617e-03             2.72033e-02             7.53684e-01
   1.22724e-03             2.69958e-02             7.53684e-01
   1.28756e-03             2.67837e-02             7.53684e-01
   1.34796e-03             2.65670e-02             7.53684e-01
   1.40962e-03             2.63458e-02             7.53684e-01
   1.47252e-03             2.61202e-02             7.53684e-01
   1.53665e-03             2.58902e-02             7.53684e-01
   1.59912e-03             2.56558e-02             7.53684e-01
   1.66228e-03             2.54171e-02             7.53684e-01
   1.72655e-03             2.51742e-02             7.53684e-01
   1.79193e-03             2.49271e-02             7.53684e-01
   1.85806e-03             2.46759e-02             7.53684e-01
   1.92225e-03             2.44207e-02             7.53684e-01
   1.98744e-03             2.41615e-02             7.53684e-01
   2.05361e-03             2.38983e-02             7.53684e-01
   2.12075e-03             2.36314e-02             7.53684e-01
   2.18762e-03             2.33606e-02             7.53684e-01
   2.25312e-03             2.30861e-02             7.53684e-01
   2.31949e-03             2.28079e-02             7.53684e-01
   2.38672e-03             2.25262e-02             7.53684e-01
   2.45478e-03             2.22409e-02             7.53684e-01
   2.52133e-03             2.19522e-02             7.53684e-01
   2.58723e-03             2.16601e-02             7.53684e-01
   2.65388e-03             2.13647e-02             7.53684e-01
   2.72126e-03             2.10661e-02             7.53684e-01
   2.78935e-03             2.07643e-02             7.53684e-01
   2.85408e-03             2.04594e-02             7.53684e-01
   2.91912e-03             2.01516e-02             7.53684e-01
   2.98477e-03             1.98407e-02             7.53684e-01
   3.05103e-03             1.95271e-02             7.53684e-01
   3.11653e-03             1.92106e-02             7.53684e-01
   3.17868e-03             1.88915e-02             7.53684e-01
   3.24134e-03             1.85697e-02             7.53684e-01
   3.30449e-03             1.82453e-02             7.53684e-01
   3.36812e-03             1.79186e-02             7.53684e-01
   3.42796e-03             1.75894e-02             7.53684e-01
   3.48565e-03             1.72579e-02             7.53684e-01
   3.54373e-03             1.69241e-02             7.53684e-01
   3.60217e-03             1.65883e-02             7.53684e-01
   3.66086e-03             1.62504e-02             7.53684e-01
   3.71290e-03             1.59104e-02             7.53684e-01
   3.76522e-03             1.55686e-02             7.53684e-01
   3.81781e-03             1.52250e-02             7.53684e-01
   3.87067e-03             1.48797e-02             7.53684e-01
   3.92073e-03             1.45327e-02             7.53684e-01
   3.96678e-03             1.41842e-02             7.53684e-01
   4.01301e-03             1.38342e-02             7.53684e-01
   4.05943e-03             1.34828e-02             7.53684e-01
   4.10602e-03             1.31302e-02             7.53684e-01
   4.14660e-03             1.27762e-02             7.53684e-01
   4.18606e-03             1.24212e-02             7.53684e-01
   4.22564e-03             1.20652e-02             7.53684e-01
   4.26532e-03             1.17082e-02             7.53684e-01
   4.30323e-03             1.13504e-02             7.53684e-01
   4.33570e-03             1.09917e-02             7.53684e-01
   4.36823e-03             1.06324e-02             7.53684e-01
   4.40082e-03             1.02725e-02             7.53684e-01
   4.43344e-03             9.91213e-03             7.53684e-01
   4.46103e-03             9.55130e-03             7.53684e-01
   4.48617e-03             9.19014e-03             7.53684e-01
   4.51132e-03             8.82875e-03             7.53684e-01
   4.53649e-03             8.46723e-03             7.53684e-01
   4.56092e-03             8.10566e-03             7.53684e-01
   4.57853e-03             7.74407e-03             7.53684e-01
   4.59614e-03             7.38261e-03             7.53684e-01
   4.61374e-03             7.02138e-03             7.53684e-01
   4.63133e-03             6.66046e-03             7.53684e-01
   4.64503e-03             6.29990e-03             7.53684e-01
   4.65518e-03             5.93981e-03             7.53684e-01
   4.66532e-03             5.58029e-03             7.53684e-01
   4.67544e-03             5.22144e-03             7.53684e-01
   4.68554e-03             4.86335e-03             7.53684e-01
   4.68829e-03             4.50603e-03             7.53684e-01
   4.69064e-03             4.14965e-03             7.53684e-01
   4.69298e-03             3.79428e-03             7.53684e-01
   4.69531e-03             3.44002e-03             7.53684e-01
   4.69473e-03             3.08694e-03             7.53684e-01
   4.68933e-03             2.73509e-03             7.53684e-01
   4.68395e-03             2.38461e-03             7.53684e-01
   4.67860e-03             2.03559e-03             7.53684e-01
   4.67327e-03             1.68811e-03             7.53684e-01
   4.66184e-03             1.34221e-03             7.53684e-01
   4.64898e-03             9.98002e-04             7.53684e-01
   4.63618e-03             6.55596e-04             7.53684e-01
   4.62346e-03             3.15074e-04             7.53684e-01
   4.60902e-03            -2.34974e-05             7.53684e-01
   4.58878e-03            -3.60071e-04             7.53684e-01
   4.56867e-03            -6.94510e-04             7.53684e-01
   4.54869e-03            -1.02673e-03             7.53684e-01
   4.52885e-03            -1.35665e-03             7.53684e-01
   4.50403e-03            -1.68424e-03             7.53684e-01
   4.47679e-03            -2.00939e-03             7.53684e-01
   4.44977e-03            -2.33200e-03             7.53684e-01
   4.42296e-03            -2.65199e-03             7.53684e-01
   4.39563e-03            -2.96928e-03             7.53684e-01
   4.36120e-03            -3.28386e-03             7.53684e-01
   4.32707e-03            -3.59559e-03             7.53684e-01
   4.29327e-03            -3.90438e-03             7.53684e-01
   4.25980e-03            -4.21016e-03             7.53684e-01
   4.22242e-03            -4.51289e-03             7.53684e-01
   4.18164e-03            -4.81250e-03             7.53684e-01
   4.14130e-03            -5.10887e-03             7.53684e-01
   4.10140e-03            -5.40193e-03             7.53684e-01
   4.06197e-03            -5.69161e-03             7.53684e-01
   4.01501e-03            -5.97792e-03             7.53684e-01
   3.96834e-03            -6.26070e-03             7.53684e-01
   3.92226e-03            -6.53989e-03             7.53684e-01
   3.87678e-03            -6.81541e-03             7.53684e-01
   3.82832e-03            -7.08724e-03             7.53684e-01
   3.77537e-03            -7.35532e-03             7.53684e-01
   3.72318e-03            -7.61954e-03             7.53684e-01
   3.67177e-03            -7.87982e-03             7.53684e-01
   3.62115e-03            -8.13611e-03             7.53684e-01
   3.56352e-03            -8.38841e-03             7.53684e-01
   3.50560e-03            -8.63661e-03             7.53684e-01
   3.44866e-03            -8.88062e-03             7.53684e-01
   3.39271e-03            -9.12039e-03             7.53684e-01
   3.33462e-03            -9.35589e-03             7.53684e-01
   3.27110e-03            -9.58709e-03             7.53684e-01
   3.20879e-03            -9.81387e-03             7.53684e-01
   3.14771e-03            -1.00362e-02             7.53684e-01
   3.08788e-03            -1.02539e-02             7.53684e-01
   3.02110e-03            -1.04672e-02             7.53684e-01
   2.95370e-03            -1.06759e-02             7.53684e-01
   2.88781e-03            -1.08798e-02             7.53684e-01
   2.82345e-03            -1.10790e-02             7.53684e-01
   2.75753e-03            -1.12735e-02             7.53684e-01
   2.68552e-03            -1.14632e-02             7.53684e-01
   2.61537e-03            -1.16480e-02             7.53684e-01
   2.54709e-03            -1.18279e-02             7.53684e-01
   2.48070e-03            -1.20028e-02             7.53684e-01
   2.40612e-03            -1.21728e-02             7.53684e-01
   2.33114e-03            -1.23377e-02             7.53684e-01
   2.25848e-03            -1.24975e-02             7.53684e-01
   2.18816e-03            -1.26522e-02             7.53684e-01
   2.11548e-03            -1.28018e-02             7.53684e-01
   2.03599e-03            -1.29462e-02             7.53684e-01
   1.95940e-03            -1.30853e-02             7.53684e-01
   1.88572e-03            -1.32192e-02             7.53684e-01
   1.81497e-03            -1.33477e-02             7.53684e-01
   1.73339e-03            -1.34710e-02             7.53684e-01
   1.65377e-03            -1.35890e-02             7.53684e-01
   1.57782e-03            -1.37014e-02             7.53684e-01
   1.50554e-03            -1.38085e-02             7.53684e-01
   1.42740e-03            -1.39101e-02             7.53684e-01
   1.34371e-03            -1.40064e-02             7.53684e-01
   1.26484e-03            -1.40971e-02             7.53684e-01
   1.19080e-03            -1.41822e-02             7.53684e-01
   1.11851e-03            -1.42618e-02             7.53684e-01
   1.03125e-03            -1.43360e-02             7.53684e-01
   9.50610e-04            -1.44045e-02             7.53684e-01
   8.76624e-04            -1.44674e-02             7.53684e-01
   8.09305e-04            -1.45246e-02             7.53684e-01
   7.24447e-04            -1.45763e-02             7.53684e-01
   6.41618e-04            -1.46224e-02             7.53684e-01
   5.69097e-04            -1.46628e-02             7.53684e-01
   5.06904e-04            -1.46974e-02             7.53684e-01
   4.26227e-04            -1.47265e-02             7.53684e-01
   3.27134e-04            -1.47502e-02             7.53684e-01
   2.52792e-04            -1.47679e-02             7.53684e-01
   2.03221e-04            -1.47797e-02             7.53684e-01
   1.78432e-04            -1.47856e-02             7.53684e-01
   1.22355e-04            -1.47804e-02             7.53684e-01
   1.02156e-05            -1.47701e-02             7.53684e-01
  -8.99306e-05            -1.47540e-02             7.53684e-01
  -1.16798e-04            -1.47315e-02             7.53684e-01
  -1.50369e-04            -1.47034e-02             7.53684e-01
  -1.90637e-04            -1.46697e-02             7.53684e-01
  -2.37590e-04            -1.46305e-02             7.53684e-01
  -2.72038e-04            -1.45854e-02             7.53684e-01
  -2.91879e-04            -1.45346e-02             7.53684e-01
  -3.13908e-04            -1.44782e-02             7.53684e-01
  -3.38118e-04            -1.44163e-02             7.53684e-01
  -3.64505e-04            -1.43487e-02             7.53684e-01
  -3.89335e-04            -1.42756e-02             7.53684e-01
  -4.05370e-04            -1.41968e-02             7.53684e-01
  -4.22531e-04            -1.41125e-02             7.53684e-01
  -4.40812e-04            -1.40227e-02             7.53684e-01
  -4.60209e-04            -1.39274e-02             7.53684e-01
  -4.80228e-04            -1.38266e-02             7.53684e-01
  -4.90373e-04            -1.37204e-02             7.53684e-01
  -5.01035e-04            -1.36086e-02             7.53684e-01
  -5.12211e-04            -1.34916e-02             7.53684e-01
  -5.23898e-04            -1.33691e-02             7.53684e-01
  -5.36093e-04            -1.32413e-02             7.53684e-01
  -5.41011e-04            -1.31082e-02             7.53684e-01
  -5.44807e-04            -1.29698e-02             7.53684e-01
  -5.48747e-04            -1.28261e-02             7.53684e-01
  -5.52829e-04            -1.26773e-02             7.53684e-01
  -5.57053e-04            -1.25233e-02             7.53684e-01
  -5.57547e-04            -1.23641e-02             7.53684e-01
  -5.55870e-04            -1.21998e-02             7.53684e-01
  -5.54142e-04            -1.20305e-02             7.53684e-01
  -5.52363e-04            -1.18562e-02             7.53684e-01
  -5.50533e-04            -1.16770e-02             7.53684e-01
  -5.47162e-04            -1.14928e-02             7.53684e-01
  -5.41169e-04            -1.13037e-02             7.53684e-01
  -5.35024e-04            -1.11097e-02             7.53684e-01
  -5.28727e-04            -1.09111e-02             7.53684e-01
  -5.22280e-04            -1.07076e-02             7.53684e-01
  -5.15545e-04            -1.04995e-02             7.53684e-01
  -5.06580e-04            -1.02868e-02             7.53684e-01
  -4.97422e-04            -1.00695e-02             7.53684e-01
  -4.88074e-04            -9.84765e-03             7.53684e-01
  -4.78537e-04            -9.62136e-03             7.53684e-01
  -4.68815e-04            -9.39065e-03             7.53684e-01
  -4.57891e-04            -9.15559e-03             7.53684e-01
  -4.46386e-04            -8.91622e-03             7.53684e-01
  -4.34677e-04            -8.67262e-03             7.53684e-01
  -4.22767e-04            -8.42485e-03             7.53684e-01
  -4.10659e-04            -8.17296e-03             7.53684e-01
  -3.98092e-04            -7.91702e-03             7.53684e-01
  -3.84894e-04            -7.65708e-03             7.53684e-01
  -3.71497e-04            -7.39322e-03             7.53684e-01
  -3.57904e-04            -7.12550e-03             7.53684e-01
  -3.44118e-04            -6.85399e-03             7.53684e-01
  -3.30138e-04            -6.57875e-03             7.53684e-01
  -3.15719e-04            -6.29985e-03             7.53684e-01
  -3.01114e-04            -6.01736e-03             7.53684e-01
  -2.86327e-04            -5.73135e-03             7.53684e-01
  -2.71362e-04            -5.44189e-03             7.53684e-01
  -2.56223e-04            -5.14906e-03             7.53684e-01
  -2.40948e-04            -4.85292e-03             7.53684e-01
  -2.25526e-04            -4.55354e-03             7.53684e-01
  -2.09942e-04            -4.25101e-03             7.53684e-01
  -1.94198e-04            -3.94539e-03             7.53684e-01
  -1.78300e-04            -3.63676e-03             7.53684e-01
  -1.62394e-04            -3.32521e-03             7.53684e-01
  -1.46702e-04            -3.01080e-03             7.53684e-01
  -1.30872e-04            -2.69361e-03             7.53684e-01
  -1.14907e-04            -2.37372e-03             7.53684e-01
  -9.88107e-05            -2.05121e-03             7.53684e-01
  -8.25878e-05            -1.72616e-03             7.53684e-01
  -6.68725e-05            -1.39866e-03             7.53684e-01
  -5.11013e-05            -1.06877e-03             7.53684e-01
  -3.52203e-05            -7.36586e-04             7.53684e-01
  -1.92332e-05            -4.02185e-04             7.53684e-01
  -3.14414e-06            -6.56499e-05             7.53684e-01
   1.27136e-05             2.72934e-04             7.53684e-01
   2.83848e-05             6.13483e-04             7.53684e-01
   4.41426e-05             9.55916e-04             7.53684e-01
   5.99833e-05             1.30015e-03             7.53684e-01
   7.59028e-05             1.64610e-03             7.53684e-01
   9.17789e-05             1.99367e-03             7.53684e-01
   1.07143e-04             2.34278e-03             7.53684e-01
   1.22571e-04             2.69335e-03             7.53684e-01
   1.38060e-04             3.04529e-03             7.53684e-01
   1.53605e-04             3.39852e-03             7.53684e-01
   1.69202e-04             3.75294e-03             7.53684e-01
   1.84663e-04             4.10846e-03             7.53684e-01
   2.00122e-04             4.46501e-03             7.53684e-01
   2.15621e-04             4.82250e-03             7.53684e-01
   2.31157e-04             5.18082e-03             7.53684e-01
   2.46726e-04             5.53991e-03             7.53684e-01
   2.62422e-04             5.89966e-03             7.53684e-01
   2.78274e-04             6.25999e-03             7.53684e-01
   2.94149e-04             6.62082e-03             7.53684e-01
   3.10040e-04             6.98205e-03             7.53684e-01
   3.25946e-04             7.34358e-03             7.53684e-01
   3.41855e-04             7.70535e-03             7.53684e-01
   3.57640e-04             8.06724e-03             7.53684e-01
   3.73428e-04             8.42918e-03             7.53684e-01
   3.89213e-04             8.79107e-03             7.53684e-01
   4.04993e-04             9.15284e-03             7.53684e-01
   4.20763e-04             9.51437e-03             7.53684e-01
   4.35719e-04             9.87559e-03             7.53684e-01
   4.50214e-04             1.02364e-02             7.53684e-01
   4.64688e-04             1.05967e-02             7.53684e-01
   4.79140e-04             1.09565e-02             7.53684e-01
   4.93565e-04             1.13155e-02             7.53684e-01
   5.07440e-04             1.16739e-02             7.53684e-01
   5.19094e-04             1.20313e-02             7.53684e-01
   5.30717e-04             1.23878e-02             7.53684e-01
   5.42307e-04             1.27433e-02             7.53684e-01
   5.53861e-04             1.30977e-02             7.53684e-01
   5.65375e-04             1.34509e-02             7.53684e-01
   5.74308e-04             1.38028e-02             7.53684e-01
   5.82089e-04             1.41533e-02             7.53684e-01
   5.89839e-04             1.45023e-02             7.53684e-01
   5.97553e-04             1.48498e-02             7.53684e-01
   6.05232e-04             1.51957e-02             7.53684e-01
   6.12300e-04             1.55398e-02             7.53684e-01
   6.16384e-04             1.58821e-02             7.53684e-01
   6.20446e-04             1.62226e-02             7.53684e-01
   6.24484e-04             1.65611e-02             7.53684e-01
   6.28498e-04             1.68975e-02             7.53684e-01
   6.32487e-04             1.72318e-02             7.53684e-01
   6.34213e-04             1.75638e-02             7.53684e-01
   6.34455e-04             1.78936e-02             7.53684e-01
   6.34695e-04             1.82209e-02             7.53684e-01
   6.34934e-04             1.85459e-02             7.53684e-01
   6.35170e-04             1.88682e-02             7.53684e-01
   6.35354e-04             1.91880e-02             7.53684e-01
   6.31702e-04             1.95050e-02             7.53684e-01
   6.28083e-04             1.98192e-02             7.53684e-01
   6.24497e-04             2.01306e-02             7.53684e-01
   6.20944e-04             2.04390e-02             7.53684e-01
   6.17426e-04             2.07445e-02             7.53684e-01
   6.12361e-04             2.10468e-02             7.53684e-01
   6.04956e-04             2.13460e-02             7.53684e-01
   5.97632e-04             2.16419e-02             7.53684e-01
   5.90389e-04             2.19345e-02             7.53684e-01
   5.83230e-04             2.22238e-02             7.53684e-01
   5.76156e-04             2.25096e-02             7.53684e-01
   5.65975e-04             2.27919e-02             7.53684e-01
   5.54882e-04             2.30705e-02             7.53684e-01
   5.43936e-04             2.33456e-02             7.53684e-01
   5.33137e-04             2.36168e-02             7.53684e-01
   5.22489e-04             2.38843e-02             7.53684e-01
   5.11654e-04             2.41480e-02             7.53684e-01
   4.97124e-04             2.44077e-02             7.53684e-01
   4.82817e-04             2.46634e-02             7.53684e-01
   4.68737e-04             2.49150e-02             7.53684e-01
   4.54887e-04             2.51625e-02             7.53684e-01
   4.41270e-04             2.54059e-02             7.53684e-01
   4.26246e-04             2.56450e-02             7.53684e-01
   4.08882e-04             2.58798e-02             7.53684e-01
   3.91839e-04             2.61103e-02             7.53684e-01
   3.75122e-04             2.63364e-02             7.53684e-01
   3.58735e-04             2.65580e-02             7.53684e-01
   3.42682e-04             2.67750e-02             7.53684e-01
   3.24294e-04             2.69875e-02             7.53684e-01
   3.04961e-04             2.71954e-02             7.53684e-01
   2.86062e-04             2.73986e-02             7.53684e-01
   2.67603e-04             2.75970e-02             7.53684e-01
   2.49588e-04             2.77907e-02             7.53684e-01
   2.32020e-04             2.79796e-02             7.53684e-01
   2.11178e-04             2.81636e-02             7.53684e-01
   1.90559e-04             2.83427e-02             7.53684e-01
   1.70511e-04             2.85168e-02             7.53684e-01
   1.51037e-04             2.86859e-02             7.53684e-01
   1.32144e-04             2.88500e-02             7.53684e-01
   1.13222e-04             2.90090e-02             7.53684e-01
   9.14207e-05             2.91628e-02             7.53684e-01
   7.03496e-05             2.93115e-02             7.53684e-01
   5.00141e-05             2.94550e-02             7.53684e-01
   3.04193e-05             2.95933e-02             7.53684e-01
   1.15699e-05             2.97263e-02             7.53684e-01
  -7.94974e-06             2.98540e-02             7.53684e-01
  -2.91871e-05             2.99763e-02             7.53684e-01
  -4.94952e-05             3.00934e-02             7.53684e-01
  -6.88692e-05             3.02050e-02             7.53684e-01
  -8.73042e-05             3.03112e-02             7.53684e-01
  -1.04796e-04             3.04120e-02             7.53684e-01
  -1.22841e-04             3.05073e-02             7.53684e-01
  -1.40951e-04             3.05971e-02             7.53684e-01
  -1.57950e-04             3.06814e-02             7.53684e-01
  -1.73835e-04             3.07602e-02             7.53684e-01
  -1.88602e-04             3.08334e-02             7.53684e-01
  -2.02247e-04             3.09011e-02             7.53684e-01
  -2.15727e-04             3.09631e-02             7.53684e-01
  -2.28153e-04             3.10196e-02             7.53684e-01
  -2.39345e-04             3.10705e-02             7.53684e-01
  -2.49301e-04             3.11158e-02             7.53684e-01
  -2.58017e-04             3.11554e-02             7.53684e-01
  -2.65593e-04             3.11894e-02             7.53684e-01
  -2.72336e-04             3.12177e-02             7.53684e-01
  -2.77732e-04             3.12404e-02             7.53684e-01
  -2.81780e-04             3.12574e-02             7.53684e-01
  -2.84480e-04             3.12687e-02             7.53684e-01
  -2.85830e-04             3.12744e-02             7.53684e-01