2.79725e-02             1.09364e-01             1.72632e-01
   2.79744e-02             1.09343e-01             1.72632e-01
   2.79781e-02             1.09299e-01             1.72632e-01
   2.79836e-02             1.09234e-01             1.72632e-01
   2.79911e-02             1.09148e-01             1.72632e-01
   2.80003e-02             1.09040e-01             1.72632e-01
   2.80151e-02             1.08909e-01             1.72632e-01
   2.80326e-02             1.08757e-01             1.72632e-01
   2.80526e-02             1.08583e-01             1.72632e-01
   2.80750e-02             1.08387e-01             1.72632e-01
   2.81000e-02             1.08170e-01             1.72632e-01
   2.81302e-02             1.07930e-01             1.72632e-01
   2.81650e-02             1.07669e-01             1.72632e-01
   2.82026e-02             1.07386e-01             1.72632e-01
   2.82430e-02             1.07082e-01             1.72632e-01
   2.82863e-02             1.06756e-01             1.72632e-01
   2.83323e-02             1.06409e-01             1.72632e-01
   2.83809e-02             1.06041e-01             1.72632e-01
   2.84323e-02             1.05652e-01             1.72632e-01
   2.84865e-02             1.05242e-01             1.72632e-01
   2.85435e-02             1.04810e-01             1.72632e-01
   2.85969e-02             1.04360e-01             1.72632e-01
   2.86493e-02             1.03890e-01             1.72632e-01
   2.87039e-02             1.03400e-01             1.72632e-01
   2.87608e-02             1.02889e-01             1.72632e-01
   2.88200e-02             1.02358e-01             1.72632e-01
   2.88656e-02             1.01811e-01             1.72632e-01
   2.89105e-02             1.01245e-01             1.72632e-01
   2.89571e-02             1.00659e-01             1.72632e-01
   2.90052e-02             1.00054e-01             1.72632e-01
   2.90516e-02             9.94303e-02             1.72632e-01
   2.90821e-02             9.87918e-02             1.72632e-01
   2.91136e-02             9.81344e-02             1.72632e-01
   2.91459e-02             9.74584e-02             1.72632e-01
   2.91790e-02             9.67638e-02             1.72632e-01
   2.92069e-02             9.60524e-02             1.72632e-01
   2.92263e-02             9.53253e-02             1.72632e-01
   2.92462e-02             9.45802e-02             1.72632e-01
   2.92666e-02             9.38174e-02             1.72632e-01
   2.92875e-02             9.30370e-02             1.72632e-01
   2.93015e-02             9.22412e-02             1.72632e-01
   2.93115e-02             9.14294e-02             1.72632e-01
   2.93217e-02             9.06007e-02             1.72632e-01
   2.93321e-02             8.97553e-02             1.72632e-01
   2.93427e-02             8.88935e-02             1.72632e-01
   2.93435e-02             8.80179e-02             1.72632e-01
   2.93428e-02             8.71268e-02             1.72632e-01
   2.93420e-02             8.62199e-02             1.72632e-01
   2.93412e-02             8.52974e-02             1.72632e-01
   2.93392e-02             8.43600e-02             1.72632e-01
   2.93267e-02             8.34101e-02             1.72632e-01
   2.93140e-02             8.24454e-02             1.72632e-01
   2.93011e-02             8.14662e-02             1.72632e-01
   2.92880e-02             8.04727e-02             1.72632e-01
   2.92704e-02             7.94661e-02             1.72632e-01
   2.92447e-02             7.84478e-02             1.72632e-01
   2.92185e-02             7.74160e-02             1.72632e-01
   2.91921e-02             7.63709e-02             1.72632e-01
   2.91653e-02             7.53127e-02             1.72632e-01
   2.91300e-02             7.42439e-02             1.72632e-01
   2.90893e-02             7.31639e-02             1.72632e-01
   2.90482e-02             7.20717e-02             1.72632e-01
   2.90067e-02             7.09676e-02             1.72632e-01
   2.89647e-02             6.98518e-02             1.72632e-01
   2.89080e-02             6.87283e-02             1.72632e-01
   2.88497e-02             6.75940e-02             1.72632e-01
   2.87909e-02             6.64489e-02             1.72632e-01
   2.87314e-02             6.52933e-02             1.72632e-01
   2.86668e-02             6.41288e-02             1.72632e-01
   2.85880e-02             6.29578e-02             1.72632e-01
   2.85085e-02             6.17772e-02             1.72632e-01
   2.84284e-02             6.05873e-02             1.72632e-01
   2.83476e-02             5.93884e-02             1.72632e-01
   2.82514e-02             5.81846e-02             1.72632e-01
   2.81456e-02             5.69747e-02             1.72632e-01
   2.80391e-02             5.57567e-02             1.72632e-01
   2.79319e-02             5.45309e-02             1.72632e-01
   2.78236e-02             5.32978e-02             1.72632e-01
   2.76902e-02             5.20638e-02             1.72632e-01
   2.75561e-02             5.08229e-02             1.72632e-01
   2.74213e-02             4.95755e-02             1.72632e-01
   2.72858e-02             4.83219e-02             1.72632e-01
   2.71391e-02             4.70652e-02             1.72632e-01
   2.69768e-02             4.58066e-02             1.72632e-01
   2.68139e-02             4.45428e-02             1.72632e-01
   2.66504e-02             4.32740e-02             1.72632e-01
   2.64862e-02             4.20007e-02             1.72632e-01
   2.63000e-02             4.07285e-02             1.72632e-01
   2.61088e-02             3.94534e-02             1.72632e-01
   2.59170e-02             3.81747e-02             1.72632e-01
   2.57248e-02             3.68926e-02             1.72632e-01
   2.55256e-02             3.56092e-02             1.72632e-01
   2.53066e-02             3.43280e-02             1.72632e-01
   2.50873e-02             3.30444e-02             1.72632e-01
   2.48676e-02             3.17588e-02             1.72632e-01
   2.46476e-02             3.04714e-02             1.72632e-01
   2.44096e-02             2.91871e-02             1.72632e-01
   2.41627e-02             2.79039e-02             1.72632e-01
   2.39157e-02             2.66199e-02             1.72632e-01
   2.36686e-02             2.53355e-02             1.72632e-01
   2.34189e-02             2.40515e-02             1.72632e-01
   2.31454e-02             2.27738e-02             1.72632e-01
   2.28720e-02             2.14965e-02             1.72632e-01
   2.25988e-02             2.02201e-02             1.72632e-01
   2.23258e-02             1.89448e-02             1.72632e-01
   2.20396e-02             1.76743e-02             1.72632e-01
   2.17415e-02             1.64087e-02             1.72632e-01
   2.14439e-02             1.51451e-02             1.72632e-01
   2.11468e-02             1.38839e-02             1.72632e-01
   2.08503e-02             1.26254e-02             1.72632e-01
   2.05289e-02             1.13763e-02             1.72632e-01
   2.02070e-02             1.01309e-02             1.72632e-01
   1.98859e-02             8.88909e-03             1.72632e-01
   1.95659e-02             7.65111e-03             1.72632e-01
   1.92368e-02             6.41992e-03             1.72632e-01
   1.88921e-02             5.19751e-03             1.72632e-01
   1.85487e-02             3.97986e-03             1.72632e-01
   1.82067e-02             2.76727e-03             1.72632e-01
   1.78662e-02             1.56005e-03             1.72632e-01
   1.75060e-02             3.63952e-04             1.72632e-01
   1.71423e-02            -8.24880e-04             1.72632e-01
   1.67804e-02            -2.00750e-03             1.72632e-01
   1.64206e-02            -3.18361e-03             1.72632e-01
   1.60566e-02            -4.35132e-03             1.72632e-01
   1.56743e-02            -5.50670e-03             1.72632e-01
   1.52943e-02            -6.65475e-03             1.72632e-01
   1.49169e-02            -7.79519e-03             1.72632e-01
   1.45421e-02            -8.92774e-03             1.72632e-01
   1.41520e-02            -1.00475e-02             1.72632e-01
   1.37558e-02            -1.11566e-02             1.72632e-01
   1.33627e-02            -1.22569e-02             1.72632e-01
   1.29728e-02            -1.33484e-02             1.72632e-01
   1.25835e-02            -1.44299e-02             1.72632e-01
   1.21720e-02            -1.54954e-02             1.72632e-01
   1.17642e-02            -1.65513e-02             1.72632e-01
   1.13603e-02            -1.75972e-02             1.72632e-01
   1.09603e-02            -1.86329e-02             1.72632e-01
   1.05495e-02            -1.96543e-02             1.72632e-01
   1.01297e-02            -2.06617e-02             1.72632e-01
   9.71440e-03            -2.16582e-02             1.72632e-01
   9.30377e-03            -2.26436e-02             1.72632e-01
   8.89787e-03            -2.36176e-02             1.72632e-01
   8.46883e-03            -2.45729e-02             1.72632e-01
   8.04408e-03            -2.55161e-02             1.72632e-01
   7.62473e-03            -2.64474e-02             1.72632e-01
   7.21087e-03            -2.73664e-02             1.72632e-01
   6.79000e-03            -2.82698e-02             1.72632e-01
   6.35697e-03            -2.91559e-02             1.72632e-01
   5.93018e-03            -3.00293e-02             1.72632e-01
   5.50973e-03            -3.08897e-02             1.72632e-01
   5.09574e-03            -3.17368e-02             1.72632e-01
   4.66100e-03            -3.25636e-02             1.72632e-01
   4.22904e-03            -3.33758e-02             1.72632e-01
   3.80436e-03            -3.41742e-02             1.72632e-01
   3.38707e-03            -3.49588e-02             1.72632e-01
   2.96630e-03            -3.57266e-02             1.72632e-01
   2.53055e-03            -3.64743e-02             1.72632e-01
   2.10312e-03            -3.72076e-02             1.72632e-01
   1.68413e-03            -3.79266e-02             1.72632e-01
   1.27367e-03            -3.86309e-02             1.72632e-01
   8.43161e-04            -3.93130e-02             1.72632e-01
   4.14759e-04            -3.99784e-02             1.72632e-01
  -4.01470e-06            -4.06289e-02             1.72632e-01
  -4.13058e-04            -4.12642e-02             1.72632e-01
  -8.23176e-04            -4.18816e-02             1.72632e-01
  -1.25008e-03            -4.24766e-02             1.72632e-01
  -1.66598e-03            -4.30563e-02             1.72632e-01
  -2.07079e-03            -4.36206e-02             1.72632e-01
  -2.46440e-03            -4.41692e-02             1.72632e-01
  -2.88204e-03            -4.46931e-02             1.72632e-01
  -3.29639e-03            -4.51990e-02             1.72632e-01
  -3.69790e-03            -4.56893e-02             1.72632e-01
  -4.08650e-03            -4.61638e-02             1.72632e-01
  -4.47857e-03            -4.66181e-02             1.72632e-01
  -4.88963e-03            -4.70483e-02             1.72632e-01
  -5.28572e-03            -4.74628e-02             1.72632e-01
  -5.66674e-03            -4.78615e-02             1.72632e-01
  -6.03260e-03            -4.82443e-02             1.72632e-01
  -6.43140e-03            -4.85989e-02             1.72632e-01
  -6.81838e-03            -4.89365e-02             1.72632e-01
  -7.18756e-03            -4.92586e-02             1.72632e-01
  -7.53884e-03            -4.95650e-02             1.72632e-01
  -7.90560e-03            -4.98472e-02             1.72632e-01
  -8.28668e-03            -5.01054e-02             1.72632e-01
  -8.64584e-03            -5.03488e-02             1.72632e-01
  -8.98299e-03            -5.05772e-02             1.72632e-01
  -9.30888e-03            -5.07878e-02             1.72632e-01
  -9.68200e-03            -5.09657e-02             1.72632e-01
  -1.00268e-02            -5.11301e-02             1.72632e-01
  -1.03431e-02            -5.12809e-02             1.72632e-01
  -1.06310e-02            -5.14181e-02             1.72632e-01
  -1.09749e-02            -5.15201e-02             1.72632e-01
  -1.13066e-02            -5.16042e-02             1.72632e-01
  -1.15969e-02            -5.16778e-02             1.72632e-01
  -1.18460e-02            -5.17410e-02             1.72632e-01
  -1.21544e-02            -5.17678e-02             1.72632e-01
  -1.25220e-02            -5.17584e-02             1.72632e-01
  -1.27977e-02            -5.17514e-02             1.72632e-01
  -1.29816e-02            -5.17467e-02             1.72632e-01
  -1.30735e-02            -5.17444e-02             1.72632e-01
  -1.32644e-02            -5.16744e-02             1.72632e-01
  -1.36460e-02            -5.15344e-02             1.72632e-01
  -1.39804e-02            -5.13854e-02             1.72632e-01
  -1.40533e-02            -5.12821e-02             1.72632e-01
  -1.41444e-02            -5.11531e-02             1.72632e-01
  -1.42537e-02            -5.09983e-02             1.72632e-01
  -1.43811e-02            -5.08178e-02             1.72632e-01
  -1.44596e-02            -5.06288e-02             1.72632e-01
  -1.44817e-02            -5.04332e-02             1.72632e-01
  -1.45063e-02            -5.02161e-02             1.72632e-01
  -1.45334e-02            -4.99774e-02             1.72632e-01
  -1.45628e-02            -4.97173e-02             1.72632e-01
  -1.45817e-02            -4.94392e-02             1.72632e-01
  -1.45647e-02            -4.91495e-02             1.72632e-01
  -1.45465e-02            -4.88395e-02             1.72632e-01
  -1.45270e-02            -4.85093e-02             1.72632e-01
  -1.45064e-02            -4.81589e-02             1.72632e-01
  -1.44829e-02            -4.77889e-02             1.72632e-01
  -1.44199e-02            -4.74087e-02             1.72632e-01
  -1.43536e-02            -4.70092e-02             1.72632e-01
  -1.42841e-02            -4.65904e-02             1.72632e-01
  -1.42115e-02            -4.61524e-02             1.72632e-01
  -1.41357e-02            -4.56953e-02             1.72632e-01
  -1.40295e-02            -4.52263e-02             1.72632e-01
  -1.39145e-02            -4.47400e-02             1.72632e-01
  -1.37952e-02            -4.42352e-02             1.72632e-01
  -1.36716e-02            -4.37122e-02             1.72632e-01
  -1.35436e-02            -4.31710e-02             1.72632e-01
  -1.33979e-02            -4.26153e-02             1.72632e-01
  -1.32399e-02            -4.20438e-02             1.72632e-01
  -1.30770e-02            -4.14548e-02             1.72632e-01
  -1.29094e-02            -4.08484e-02             1.72632e-01
  -1.27369e-02            -4.02247e-02             1.72632e-01
  -1.25545e-02            -3.95852e-02             1.72632e-01
  -1.23585e-02            -3.89311e-02             1.72632e-01
  -1.21574e-02            -3.82604e-02             1.72632e-01
  -1.19514e-02            -3.75731e-02             1.72632e-01
  -1.17405e-02            -3.68694e-02             1.72632e-01
  -1.15242e-02            -3.61497e-02             1.72632e-01
  -1.12959e-02            -3.54159e-02             1.72632e-01
  -1.10627e-02            -3.46663e-02             1.72632e-01
  -1.08246e-02            -3.39011e-02             1.72632e-01
  -1.05817e-02            -3.31205e-02             1.72632e-01
  -1.03341e-02            -3.23247e-02             1.72632e-01
  -1.00782e-02            -3.15148e-02             1.72632e-01
  -9.81634e-03            -3.06904e-02             1.72632e-01
  -9.54985e-03            -2.98515e-02             1.72632e-01
  -9.27878e-03            -2.89982e-02             1.72632e-01
  -9.00322e-03            -2.81307e-02             1.72632e-01
  -8.72230e-03            -2.72495e-02             1.72632e-01
  -8.43548e-03            -2.63549e-02             1.72632e-01
  -8.14433e-03            -2.54469e-02             1.72632e-01
  -7.84892e-03            -2.45255e-02             1.72632e-01
  -7.54933e-03            -2.35911e-02             1.72632e-01
  -7.24560e-03            -2.26439e-02             1.72632e-01
  -6.93696e-03            -2.16844e-02             1.72632e-01
  -6.62434e-03            -2.07124e-02             1.72632e-01
  -6.30782e-03            -1.97284e-02             1.72632e-01
  -5.98749e-03            -1.87325e-02             1.72632e-01
  -5.66342e-03            -1.77250e-02             1.72632e-01
  -5.33582e-03            -1.67060e-02             1.72632e-01
  -5.00471e-03            -1.56760e-02             1.72632e-01
  -4.67010e-03            -1.46350e-02             1.72632e-01
  -4.33209e-03            -1.35835e-02             1.72632e-01
  -3.99074e-03            -1.25216e-02             1.72632e-01
  -3.64666e-03            -1.14494e-02             1.72632e-01
  -3.30068e-03            -1.03672e-02             1.72632e-01
  -2.95164e-03            -9.27533e-03             1.72632e-01
  -2.59964e-03            -8.17420e-03             1.72632e-01
  -2.24474e-03            -7.06405e-03             1.72632e-01
  -1.88706e-03            -5.94515e-03             1.72632e-01
  -1.52886e-03            -4.81722e-03             1.72632e-01
  -1.16827e-03            -3.68103e-03             1.72632e-01
  -8.05168e-04            -2.53693e-03             1.72632e-01
  -4.39641e-04            -1.38519e-03             1.72632e-01
  -7.17800e-05            -2.26105e-04             1.72632e-01
   2.97171e-04             9.40344e-04             1.72632e-01
   6.67292e-04             2.11382e-03             1.72632e-01
   1.03946e-03             3.29379e-03             1.72632e-01
   1.41358e-03             4.47996e-03             1.72632e-01
   1.78957e-03             5.67203e-03             1.72632e-01
   2.16691e-03             6.86983e-03             1.72632e-01
   2.54389e-03             8.07346e-03             1.72632e-01
   2.92245e-03             9.28212e-03             1.72632e-01
   3.30248e-03             1.04955e-02             1.72632e-01
   3.68391e-03             1.17133e-02             1.72632e-01
   4.06662e-03             1.29353e-02             1.72632e-01
   4.44988e-03             1.41612e-02             1.72632e-01
   4.83408e-03             1.53907e-02             1.72632e-01
   5.21929e-03             1.66234e-02             1.72632e-01
   5.60540e-03             1.78590e-02             1.72632e-01
   5.99234e-03             1.90972e-02             1.72632e-01
   6.38033e-03             2.03377e-02             1.72632e-01
   6.76941e-03             2.15800e-02             1.72632e-01
   7.15902e-03             2.28240e-02             1.72632e-01
   7.54907e-03             2.40694e-02             1.72632e-01
   7.93945e-03             2.53159e-02             1.72632e-01
   8.33005e-03             2.65632e-02             1.72632e-01
   8.72034e-03             2.78110e-02             1.72632e-01
   9.11068e-03             2.90590e-02             1.72632e-01
   9.50097e-03             3.03068e-02             1.72632e-01
   9.89112e-03             3.15542e-02             1.72632e-01
   1.02810e-02             3.28008e-02             1.72632e-01
   1.06678e-02             3.40470e-02             1.72632e-01
   1.10526e-02             3.52923e-02             1.72632e-01
   1.14368e-02             3.65359e-02             1.72632e-01
   1.18205e-02             3.77774e-02             1.72632e-01
   1.22034e-02             3.90167e-02             1.72632e-01
   1.25837e-02             4.02538e-02             1.72632e-01
   1.29555e-02             4.14899e-02             1.72632e-01
   1.33263e-02             4.27228e-02             1.72632e-01
   1.36960e-02             4.39522e-02             1.72632e-01
   1.40646e-02             4.51778e-02             1.72632e-01
   1.44319e-02             4.63992e-02             1.72632e-01
   1.47890e-02             4.76184e-02             1.72632e-01
   1.51408e-02             4.88339e-02             1.72632e-01
   1.54912e-02             5.00444e-02             1.72632e-01
   1.58400e-02             5.12495e-02             1.72632e-01
   1.61872e-02             5.24489e-02             1.72632e-01
   1.65306e-02             5.36429e-02             1.72632e-01
   1.68619e-02             5.48334e-02             1.72632e-01
   1.71915e-02             5.60172e-02             1.72632e-01
   1.75191e-02             5.71942e-02             1.72632e-01
   1.78447e-02             5.83641e-02             1.72632e-01
   1.81683e-02             5.95266e-02             1.72632e-01
   1.84819e-02             6.06834e-02             1.72632e-01
   1.87882e-02             6.18334e-02             1.72632e-01
   1.90923e-02             6.29752e-02             1.72632e-01
   1.93941e-02             6.41084e-02             1.72632e-01
   1.96935e-02             6.52327e-02             1.72632e-01
   1.99903e-02             6.63480e-02             1.72632e-01
   2.02712e-02             6.74572e-02             1.72632e-01
   2.05497e-02             6.85568e-02             1.72632e-01
   2.08256e-02             6.96463e-02             1.72632e-01
   2.10989e-02             7.07256e-02             1.72632e-01
   2.13696e-02             7.17944e-02             1.72632e-01
   2.16320e-02             7.28538e-02             1.72632e-01
   2.18833e-02             7.39043e-02             1.72632e-01
   2.21318e-02             7.49435e-02             1.72632e-01
   2.23776e-02             7.59710e-02             1.72632e-01
   2.26206e-02             7.69867e-02             1.72632e-01
   2.28607e-02             7.79903e-02             1.72632e-01
   2.30866e-02             7.89844e-02             1.72632e-01
   2.33060e-02             7.99668e-02             1.72632e-01
   2.35226e-02             8.09363e-02             1.72632e-01
   2.37362e-02             8.18927e-02             1.72632e-01
   2.39469e-02             8.28357e-02             1.72632e-01
   2.41533e-02             8.37654e-02             1.72632e-01
   2.43431e-02             8.46848e-02             1.72632e-01
   2.45301e-02             8.55900e-02             1.72632e-01
   2.47141e-02             8.64809e-02             1.72632e-01
   2.48950e-02             8.73573e-02             1.72632e-01
   2.50730e-02             8.82189e-02             1.72632e-01
   2.52421e-02             8.90670e-02             1.72632e-01
   2.53990e-02             8.99022e-02             1.72632e-01
   2.55530e-02             9.07219e-02             1.72632e-01
   2.57041e-02             9.15260e-02             1.72632e-01
   2.58522e-02             9.23142e-02             1.72632e-01
   2.59973e-02             9.30864e-02             1.72632e-01
   2.61300e-02             9.38446e-02             1.72632e-01
   2.62551e-02             9.45877e-02             1.72632e-01
   2.63774e-02             9.53140e-02             1.72632e-01
   2.64968e-02             9.60234e-02             1.72632e-01
   2.66134e-02             9.67158e-02             1.72632e-01
   2.67270e-02             9.73910e-02             1.72632e-01
   2.68248e-02             9.80521e-02             1.72632e-01
   2.69187e-02             9.86958e-02             1.72632e-01
   2.70100e-02             9.93218e-02             1.72632e-01
   2.70988e-02             9.99298e-02             1.72632e-01
   2.71848e-02             1.00520e-01             1.72632e-01
   2.72661e-02             1.01092e-01             1.72632e-01
   2.73326e-02             1.01649e-01             1.72632e-01
   2.73968e-02             1.02187e-01             1.72632e-01
   2.74588e-02             1.02706e-01             1.72632e-01
   2.75185e-02             1.03207e-01             1.72632e-01
   2.75760e-02             1.03688e-01             1.72632e-01
   2.76262e-02             1.04152e-01             1.72632e-01
   2.76654e-02             1.04598e-01             1.72632e-01
   2.77030e-02             1.05025e-01             1.72632e-01
   2.77388e-02             1.05433e-01             1.72632e-01
   2.77728e-02             1.05820e-01             1.72632e-01
   2.78052e-02             1.06188e-01             1.72632e-01
   2.78305e-02             1.06537e-01             1.72632e-01
   2.78505e-02             1.06867e-01             1.72632e-01
   2.78693e-02             1.07177e-01             1.72632e-01
   2.78869e-02             1.07467e-01             1.72632e-01
   2.79032e-02             1.07736e-01             1.72632e-01
   2.79183e-02             1.07985e-01             1.72632e-01
   2.79288e-02             1.08214e-01             1.72632e-01
   2.79377e-02             1.08422e-01             1.72632e-01
   2.79458e-02             1.08610e-01             1.72632e-01
   2.79530e-02             1.08777e-01             1.72632e-01
   2.79593e-02             1.08923e-01             1.72632e-01
   2.79643e-02             1.09049e-01             1.72632e-01
   2.79671e-02             1.09154e-01             1.72632e-01
   2.79692e-02             1.09238e-01             1.72632e-01
   2.79709e-02             1.09301e-01             1.72632e-01
   2.79720e-02             1.09343e-01             1.72632e-01
   2.79725e-02             1.09364e-01             1.72632e-01