-3.90979e-04             2.98673e-02             7.90000e-01
  -3.89013e-04             2.98619e-02             7.90000e-01
  -3.85081e-04             2.98511e-02             7.90000e-01
  -3.79185e-04             2.98349e-02             7.90000e-01
  -3.71326e-04             2.98133e-02             7.90000e-01
  -3.61505e-04             2.97863e-02             7.90000e-01
  -3.48726e-04             2.97540e-02             7.90000e-01
  -3.33757e-04             2.97163e-02             7.90000e-01
  -3.16660e-04             2.96732e-02             7.90000e-01
  -2.97440e-04             2.96247e-02             7.90000e-01
  -2.76101e-04             2.95710e-02             7.90000e-01
  -2.51866e-04             2.95119e-02             7.90000e-01
  -2.24969e-04             2.94475e-02             7.90000e-01
  -1.95861e-04             2.93778e-02             7.90000e-01
  -1.64548e-04             2.93028e-02             7.90000e-01
  -1.31038e-04             2.92226e-02             7.90000e-01
  -9.53847e-05             2.91371e-02             7.90000e-01
  -5.75929e-05             2.90464e-02             7.90000e-01
  -1.76359e-05             2.89506e-02             7.90000e-01
   2.44765e-05             2.88495e-02             7.90000e-01
   6.87338e-05             2.87433e-02             7.90000e-01
   1.13413e-04             2.86320e-02             7.90000e-01
   1.59181e-04             2.85155e-02             7.90000e-01
   2.06940e-04             2.83940e-02             7.90000e-01
   2.56678e-04             2.82674e-02             7.90000e-01
   3.08383e-04             2.81359e-02             7.90000e-01
   3.57712e-04             2.79993e-02             7.90000e-01
   4.08224e-04             2.78578e-02             7.90000e-01
   4.60488e-04             2.77113e-02             7.90000e-01
   5.14490e-04             2.75600e-02             7.90000e-01
   5.69344e-04             2.74038e-02             7.90000e-01
   6.21141e-04             2.72428e-02             7.90000e-01
   6.74468e-04             2.70771e-02             7.90000e-01
   7.29313e-04             2.69066e-02             7.90000e-01
   7.85661e-04             2.67314e-02             7.90000e-01
   8.41790e-04             2.65516e-02             7.90000e-01
   8.96876e-04             2.63672e-02             7.90000e-01
   9.53318e-04             2.61782e-02             7.90000e-01
   1.01110e-03             2.59847e-02             7.90000e-01
   1.07022e-03             2.57868e-02             7.90000e-01
   1.12862e-03             2.55845e-02             7.90000e-01
   1.18713e-03             2.53777e-02             7.90000e-01
   1.24685e-03             2.51667e-02             7.90000e-01
   1.30777e-03             2.49515e-02             7.90000e-01
   1.36988e-03             2.47320e-02             7.90000e-01
   1.43043e-03             2.45084e-02             7.90000e-01
   1.49165e-03             2.42807e-02             7.90000e-01
   1.55395e-03             2.40490e-02             7.90000e-01
   1.61732e-03             2.38132e-02             7.90000e-01
   1.68143e-03             2.35736e-02             7.90000e-01
   1.74369e-03             2.33301e-02             7.90000e-01
   1.80693e-03             2.30828e-02             7.90000e-01
   1.87112e-03             2.28317e-02             7.90000e-01
   1.93625e-03             2.25770e-02             7.90000e-01
   2.00113e-03             2.23186e-02             7.90000e-01
   2.06472e-03             2.20567e-02             7.90000e-01
   2.12916e-03             2.17913e-02             7.90000e-01
   2.19443e-03             2.15225e-02             7.90000e-01
   2.26051e-03             2.12503e-02             7.90000e-01
   2.32515e-03             2.09748e-02             7.90000e-01
   2.38920e-03             2.06961e-02             7.90000e-01
   2.45397e-03             2.04143e-02             7.90000e-01
   2.51944e-03             2.01293e-02             7.90000e-01
   2.58561e-03             1.98414e-02             7.90000e-01
   2.64858e-03             1.95504e-02             7.90000e-01
   2.71186e-03             1.92566e-02             7.90000e-01
   2.77573e-03             1.89600e-02             7.90000e-01
   2.84019e-03             1.86607e-02             7.90000e-01
   2.90394e-03             1.83588e-02             7.90000e-01
   2.96450e-03             1.80542e-02             7.90000e-01
   3.02556e-03             1.77471e-02             7.90000e-01
   3.08710e-03             1.74376e-02             7.90000e-01
   3.14910e-03             1.71257e-02             7.90000e-01
   3.20749e-03             1.68116e-02             7.90000e-01
   3.26384e-03             1.64952e-02             7.90000e-01
   3.32056e-03             1.61767e-02             7.90000e-01
   3.37765e-03             1.58561e-02             7.90000e-01
   3.43497e-03             1.55336e-02             7.90000e-01
   3.48595e-03             1.52092e-02             7.90000e-01
   3.53721e-03             1.48829e-02             7.90000e-01
   3.58873e-03             1.45550e-02             7.90000e-01
   3.64052e-03             1.42254e-02             7.90000e-01
   3.68964e-03             1.38942e-02             7.90000e-01
   3.73493e-03             1.35615e-02             7.90000e-01
   3.78041e-03             1.32274e-02             7.90000e-01
   3.82607e-03             1.28920e-02             7.90000e-01
   3.87189e-03             1.25554e-02             7.90000e-01
   3.91198e-03             1.22175e-02             7.90000e-01
   3.95101e-03             1.18786e-02             7.90000e-01
   3.99015e-03             1.15387e-02             7.90000e-01
   4.02940e-03             1.11979e-02             7.90000e-01
   4.06695e-03             1.08563e-02             7.90000e-01
   4.09932e-03             1.05139e-02             7.90000e-01
   4.13174e-03             1.01709e-02             7.90000e-01
   4.16422e-03             9.82730e-03             7.90000e-01
   4.19674e-03             9.48325e-03             7.90000e-01
   4.22444e-03             9.13874e-03             7.90000e-01
   4.24981e-03             8.79391e-03             7.90000e-01
   4.27520e-03             8.44887e-03             7.90000e-01
   4.30060e-03             8.10369e-03             7.90000e-01
   4.32529e-03             7.75847e-03             7.90000e-01
   4.34348e-03             7.41320e-03             7.90000e-01
   4.36167e-03             7.06806e-03             7.90000e-01
   4.37984e-03             6.72313e-03             7.90000e-01
   4.39799e-03             6.37851e-03             7.90000e-01
   4.41244e-03             6.03421e-03             7.90000e-01
   4.42349e-03             5.69034e-03             7.90000e-01
   4.43453e-03             5.34703e-03             7.90000e-01
   4.44555e-03             5.00435e-03             7.90000e-01
   4.45655e-03             4.66239e-03             7.90000e-01
   4.46052e-03             4.32115e-03             7.90000e-01
   4.46411e-03             3.98079e-03             7.90000e-01
   4.46768e-03             3.64141e-03             7.90000e-01
   4.47125e-03             3.30309e-03             7.90000e-01
   4.47202e-03             2.96587e-03             7.90000e-01
   4.46820e-03             2.62982e-03             7.90000e-01
   4.46439e-03             2.29508e-03             7.90000e-01
   4.46059e-03             1.96173e-03             7.90000e-01
   4.45681e-03             1.62985e-03             7.90000e-01
   4.44720e-03             1.29946e-03             7.90000e-01
   4.43622e-03             9.70676e-04             7.90000e-01
   4.42529e-03             6.43615e-04             7.90000e-01
   4.41442e-03             3.18354e-04             7.90000e-01
   4.40190e-03            -5.05109e-06             7.90000e-01
   4.38384e-03            -3.26570e-04             7.90000e-01
   4.36590e-03            -6.46050e-04             7.90000e-01
   4.34807e-03            -9.63411e-04             7.90000e-01
   4.33037e-03            -1.27858e-03             7.90000e-01
   4.30790e-03            -1.59153e-03             7.90000e-01
   4.28312e-03            -1.90217e-03             7.90000e-01
   4.25852e-03            -2.21038e-03             7.90000e-01
   4.23413e-03            -2.51608e-03             7.90000e-01
   4.20922e-03            -2.81921e-03             7.90000e-01
   4.17752e-03            -3.11978e-03             7.90000e-01
   4.14611e-03            -3.41762e-03             7.90000e-01
   4.11500e-03            -3.71265e-03             7.90000e-01
   4.08418e-03            -4.00481e-03             7.90000e-01
   4.04963e-03            -4.29408e-03             7.90000e-01
   4.01181e-03            -4.58037e-03             7.90000e-01
   3.97440e-03            -4.86357e-03             7.90000e-01
   3.93740e-03            -5.14361e-03             7.90000e-01
   3.90084e-03            -5.42041e-03             7.90000e-01
   3.85706e-03            -5.69402e-03             7.90000e-01
   3.81356e-03            -5.96427e-03             7.90000e-01
   3.77060e-03            -6.23108e-03             7.90000e-01
   3.72821e-03            -6.49439e-03             7.90000e-01
   3.68295e-03            -6.75418e-03             7.90000e-01
   3.63339e-03            -7.01041e-03             7.90000e-01
   3.58455e-03            -7.26294e-03             7.90000e-01
   3.53644e-03            -7.51172e-03             7.90000e-01
   3.48906e-03            -7.75668e-03             7.90000e-01
   3.43497e-03            -7.99786e-03             7.90000e-01
   3.38059e-03            -8.23512e-03             7.90000e-01
   3.32713e-03            -8.46837e-03             7.90000e-01
   3.27459e-03            -8.69758e-03             7.90000e-01
   3.22001e-03            -8.92271e-03             7.90000e-01
   3.16022e-03            -9.14375e-03             7.90000e-01
   3.10157e-03            -9.36057e-03             7.90000e-01
   3.04407e-03            -9.57311e-03             7.90000e-01
   2.98775e-03            -9.78132e-03             7.90000e-01
   2.92478e-03            -9.98525e-03             7.90000e-01
   2.86119e-03            -1.01848e-02             7.90000e-01
   2.79904e-03            -1.03798e-02             7.90000e-01
   2.73832e-03            -1.05703e-02             7.90000e-01
   2.67609e-03            -1.07563e-02             7.90000e-01
   2.60804e-03            -1.09377e-02             7.90000e-01
   2.54174e-03            -1.11145e-02             7.90000e-01
   2.47721e-03            -1.12866e-02             7.90000e-01
   2.41447e-03            -1.14538e-02             7.90000e-01
   2.34388e-03            -1.16165e-02             7.90000e-01
   2.27289e-03            -1.17743e-02             7.90000e-01
   2.20410e-03            -1.19272e-02             7.90000e-01
   2.13753e-03            -1.20752e-02             7.90000e-01
   2.06868e-03            -1.22183e-02             7.90000e-01
   1.99331e-03            -1.23565e-02             7.90000e-01
   1.92069e-03            -1.24897e-02             7.90000e-01
   1.85082e-03            -1.26178e-02             7.90000e-01
   1.78374e-03            -1.27408e-02             7.90000e-01
   1.70629e-03            -1.28589e-02             7.90000e-01
   1.63070e-03            -1.29718e-02             7.90000e-01
   1.55858e-03            -1.30795e-02             7.90000e-01
   1.48996e-03            -1.31820e-02             7.90000e-01
   1.41571e-03            -1.32794e-02             7.90000e-01
   1.33615e-03            -1.33716e-02             7.90000e-01
   1.26117e-03            -1.34586e-02             7.90000e-01
   1.19078e-03            -1.35401e-02             7.90000e-01
   1.12204e-03            -1.36164e-02             7.90000e-01
   1.03898e-03            -1.36876e-02             7.90000e-01
   9.62223e-04            -1.37533e-02             7.90000e-01
   8.91800e-04            -1.38137e-02             7.90000e-01
   8.27724e-04            -1.38686e-02             7.90000e-01
   7.46876e-04            -1.39183e-02             7.90000e-01
   6.67944e-04            -1.39626e-02             7.90000e-01
   5.98836e-04            -1.40015e-02             7.90000e-01
   5.39569e-04            -1.40348e-02             7.90000e-01
   4.62629e-04            -1.40629e-02             7.90000e-01
   3.68080e-04            -1.40858e-02             7.90000e-01
   2.97147e-04            -1.41030e-02             7.90000e-01
   2.49849e-04            -1.41145e-02             7.90000e-01
   2.26197e-04            -1.41202e-02             7.90000e-01
   1.72622e-04            -1.41155e-02             7.90000e-01
   6.54844e-05            -1.41061e-02             7.90000e-01
  -3.02206e-05            -1.40910e-02             7.90000e-01
  -5.59646e-05            -1.40697e-02             7.90000e-01
  -8.81327e-05            -1.40430e-02             7.90000e-01
  -1.26717e-04            -1.40110e-02             7.90000e-01
  -1.71708e-04            -1.39736e-02             7.90000e-01
  -2.04777e-04            -1.39308e-02             7.90000e-01
  -2.23918e-04            -1.38823e-02             7.90000e-01
  -2.45169e-04            -1.38285e-02             7.90000e-01
  -2.68525e-04            -1.37694e-02             7.90000e-01
  -2.93980e-04            -1.37050e-02             7.90000e-01
  -3.17970e-04            -1.36353e-02             7.90000e-01
  -3.33582e-04            -1.35601e-02             7.90000e-01
  -3.50289e-04            -1.34796e-02             7.90000e-01
  -3.68086e-04            -1.33939e-02             7.90000e-01
  -3.86971e-04            -1.33030e-02             7.90000e-01
  -4.06471e-04            -1.32069e-02             7.90000e-01
  -4.16561e-04            -1.31054e-02             7.90000e-01
  -4.27165e-04            -1.29987e-02             7.90000e-01
  -4.38280e-04            -1.28870e-02             7.90000e-01
  -4.49903e-04            -1.27701e-02             7.90000e-01
  -4.62033e-04            -1.26481e-02             7.90000e-01
  -4.67232e-04            -1.25209e-02             7.90000e-01
  -4.71380e-04            -1.23888e-02             7.90000e-01
  -4.75684e-04            -1.22516e-02             7.90000e-01
  -4.80144e-04            -1.21094e-02             7.90000e-01
  -4.84759e-04            -1.19624e-02             7.90000e-01
  -4.85832e-04            -1.18104e-02             7.90000e-01
  -4.84850e-04            -1.16535e-02             7.90000e-01
  -4.83839e-04            -1.14918e-02             7.90000e-01
  -4.82797e-04            -1.13253e-02             7.90000e-01
  -4.81726e-04            -1.11541e-02             7.90000e-01
  -4.79201e-04            -1.09781e-02             7.90000e-01
  -4.74191e-04            -1.07975e-02             7.90000e-01
  -4.69054e-04            -1.06123e-02             7.90000e-01
  -4.63790e-04            -1.04225e-02             7.90000e-01
  -4.58401e-04            -1.02282e-02             7.90000e-01
  -4.52753e-04            -1.00295e-02             7.90000e-01
  -4.44994e-04            -9.82626e-03             7.90000e-01
  -4.37068e-04            -9.61868e-03             7.90000e-01
  -4.28976e-04            -9.40679e-03             7.90000e-01
  -4.20722e-04            -9.19063e-03             7.90000e-01
  -4.12308e-04            -8.97026e-03             7.90000e-01
  -4.02762e-04            -8.74572e-03             7.90000e-01
  -3.92677e-04            -8.51707e-03             7.90000e-01
  -3.82413e-04            -8.28438e-03             7.90000e-01
  -3.71974e-04            -8.04770e-03             7.90000e-01
  -3.61361e-04            -7.80709e-03             7.90000e-01
  -3.50324e-04            -7.56260e-03             7.90000e-01
  -3.38701e-04            -7.31430e-03             7.90000e-01
  -3.26901e-04            -7.06225e-03             7.90000e-01
  -3.14929e-04            -6.80652e-03             7.90000e-01
  -3.02788e-04            -6.54716e-03             7.90000e-01
  -2.90475e-04            -6.28424e-03             7.90000e-01
  -2.77756e-04            -6.01783e-03             7.90000e-01
  -2.64874e-04            -5.74798e-03             7.90000e-01
  -2.51831e-04            -5.47477e-03             7.90000e-01
  -2.38631e-04            -5.19827e-03             7.90000e-01
  -2.25276e-04            -4.91854e-03             7.90000e-01
  -2.11806e-04            -4.63566e-03             7.90000e-01
  -1.98207e-04            -4.34968e-03             7.90000e-01
  -1.84465e-04            -4.06069e-03             7.90000e-01
  -1.70582e-04            -3.76875e-03             7.90000e-01
  -1.56563e-04            -3.47394e-03             7.90000e-01
  -1.42547e-04            -3.17633e-03             7.90000e-01
  -1.28747e-04            -2.87600e-03             7.90000e-01
  -1.14825e-04            -2.57301e-03             7.90000e-01
  -1.00785e-04            -2.26744e-03             7.90000e-01
  -8.66293e-05            -1.95937e-03             7.90000e-01
  -7.23622e-05            -1.64887e-03             7.90000e-01
  -5.85890e-05            -1.33603e-03             7.90000e-01
  -4.47715e-05            -1.02092e-03             7.90000e-01
  -3.08578e-05            -7.03605e-04             7.90000e-01
  -1.68511e-05            -3.84177e-04             7.90000e-01
  -2.75509e-06            -6.27104e-05             7.90000e-01
   1.11123e-05             2.60712e-04             7.90000e-01
   2.47940e-05             5.86011e-04             7.90000e-01
   3.85515e-05             9.13109e-04             7.90000e-01
   5.23812e-05             1.24193e-03             7.90000e-01
   6.62797e-05             1.57238e-03             7.90000e-01
   8.01307e-05             1.90439e-03             7.90000e-01
   9.34869e-05             2.23786e-03             7.90000e-01
   1.06899e-04             2.57273e-03             7.90000e-01
   1.20363e-04             2.90891e-03             7.90000e-01
   1.33876e-04             3.24631e-03             7.90000e-01
   1.47436e-04             3.58486e-03             7.90000e-01
   1.60860e-04             3.92446e-03             7.90000e-01
   1.74279e-04             4.26504e-03             7.90000e-01
   1.87732e-04             4.60651e-03             7.90000e-01
   2.01218e-04             4.94879e-03             7.90000e-01
   2.14732e-04             5.29179e-03             7.90000e-01
   2.28365e-04             5.63543e-03             7.90000e-01
   2.42145e-04             5.97962e-03             7.90000e-01
   2.55944e-04             6.32428e-03             7.90000e-01
   2.69759e-04             6.66933e-03             7.90000e-01
   2.83585e-04             7.01468e-03             7.90000e-01
   2.97414e-04             7.36024e-03             7.90000e-01
   3.11124e-04             7.70592e-03             7.90000e-01
   3.24836e-04             8.05165e-03             7.90000e-01
   3.38547e-04             8.39733e-03             7.90000e-01
   3.52252e-04             8.74289e-03             7.90000e-01
   3.65949e-04             9.08823e-03             7.90000e-01
   3.78870e-04             9.43327e-03             7.90000e-01
   3.91352e-04             9.77792e-03             7.90000e-01
   4.03816e-04             1.01221e-02             7.90000e-01
   4.16261e-04             1.04657e-02             7.90000e-01
   4.28682e-04             1.08087e-02             7.90000e-01
   4.40582e-04             1.11510e-02             7.90000e-01
   4.50363e-04             1.14924e-02             7.90000e-01
   4.60119e-04             1.18329e-02             7.90000e-01
   4.69846e-04             1.21725e-02             7.90000e-01
   4.79543e-04             1.25110e-02             7.90000e-01
   4.89208e-04             1.28483e-02             7.90000e-01
   4.96411e-04             1.31844e-02             7.90000e-01
   5.02520e-04             1.35192e-02             7.90000e-01
   5.08604e-04             1.38526e-02             7.90000e-01
   5.14661e-04             1.41845e-02             7.90000e-01
   5.20689e-04             1.45148e-02             7.90000e-01
   5.26141e-04             1.48435e-02             7.90000e-01
   5.28750e-04             1.51705e-02             7.90000e-01
   5.31345e-04             1.54956e-02             7.90000e-01
   5.33925e-04             1.58189e-02             7.90000e-01
   5.36489e-04             1.61402e-02             7.90000e-01
   5.39037e-04             1.64595e-02             7.90000e-01
   5.39433e-04             1.67766e-02             7.90000e-01
   5.38420e-04             1.70916e-02             7.90000e-01
   5.37414e-04             1.74042e-02             7.90000e-01
   5.36416e-04             1.77145e-02             7.90000e-01
   5.35425e-04             1.80224e-02             7.90000e-01
   5.34394e-04             1.83277e-02             7.90000e-01
   5.29711e-04             1.86305e-02             7.90000e-01
   5.25069e-04             1.89306e-02             7.90000e-01
   5.20469e-04             1.92279e-02             7.90000e-01
   5.15912e-04             1.95225e-02             7.90000e-01
   5.11400e-04             1.98142e-02             7.90000e-01
   5.05421e-04             2.01029e-02             7.90000e-01
   4.97221e-04             2.03886e-02             7.90000e-01
   4.89109e-04             2.06712e-02             7.90000e-01
   4.81088e-04             2.09507e-02             7.90000e-01
   4.73159e-04             2.12269e-02             7.90000e-01
   4.65325e-04             2.14998e-02             7.90000e-01
   4.54536e-04             2.17694e-02             7.90000e-01
   4.42891e-04             2.20355e-02             7.90000e-01
   4.31399e-04             2.22981e-02             7.90000e-01
   4.20062e-04             2.25571e-02             7.90000e-01
   4.08884e-04             2.28126e-02             7.90000e-01
   3.97541e-04             2.30643e-02             7.90000e-01
   3.82685e-04             2.33123e-02             7.90000e-01
   3.68056e-04             2.35564e-02             7.90000e-01
   3.53660e-04             2.37967e-02             7.90000e-01
   3.39498e-04             2.40331e-02             7.90000e-01
   3.25575e-04             2.42654e-02             7.90000e-01
   3.10324e-04             2.44937e-02             7.90000e-01
   2.92855e-04             2.47179e-02             7.90000e-01
   2.75709e-04             2.49380e-02             7.90000e-01
   2.58890e-04             2.51538e-02             7.90000e-01
   2.42404e-04             2.53654e-02             7.90000e-01
   2.26253e-04             2.55726e-02             7.90000e-01
   2.07890e-04             2.57755e-02             7.90000e-01
   1.88642e-04             2.59739e-02             7.90000e-01
   1.69827e-04             2.61679e-02             7.90000e-01
   1.51448e-04             2.63574e-02             7.90000e-01
   1.33512e-04             2.65423e-02             7.90000e-01
   1.16022e-04             2.67226e-02             7.90000e-01
   9.54226e-05             2.68983e-02             7.90000e-01
   7.50550e-05             2.70692e-02             7.90000e-01
   5.52507e-05             2.72354e-02             7.90000e-01
   3.60147e-05             2.73969e-02             7.90000e-01
   1.73517e-05             2.75535e-02             7.90000e-01
  -1.31941e-06             2.77053e-02             7.90000e-01
  -2.27213e-05             2.78521e-02             7.90000e-01
  -4.34061e-05             2.79940e-02             7.90000e-01
  -6.33689e-05             2.81310e-02             7.90000e-01
  -8.26045e-05             2.82630e-02             7.90000e-01
  -1.01108e-04             2.83900e-02             7.90000e-01
  -1.20232e-04             2.85118e-02             7.90000e-01
  -1.40977e-04             2.86286e-02             7.90000e-01
  -1.60813e-04             2.87403e-02             7.90000e-01
  -1.79737e-04             2.88468e-02             7.90000e-01
  -1.97744e-04             2.89482e-02             7.90000e-01
  -2.14830e-04             2.90444e-02             7.90000e-01
  -2.32424e-04             2.91353e-02             7.90000e-01
  -2.50058e-04             2.92210e-02             7.90000e-01
  -2.66611e-04             2.93015e-02             7.90000e-01
  -2.82079e-04             2.93767e-02             7.90000e-01
  -2.96458e-04             2.94465e-02             7.90000e-01
  -3.09745e-04             2.95111e-02             7.90000e-01
  -3.22853e-04             2.95704e-02             7.90000e-01
  -3.34934e-04             2.96243e-02             7.90000e-01
  -3.45815e-04             2.96728e-02             7.90000e-01
  -3.55494e-04             2.97160e-02             7.90000e-01
  -3.63968e-04             2.97538e-02             7.90000e-01
  -3.71331e-04             2.97862e-02             7.90000e-01
  -3.77878e-04             2.98132e-02             7.90000e-01
  -3.83117e-04             2.98349e-02             7.90000e-01
  -3.87047e-04             2.98511e-02             7.90000e-01
  -3.89668e-04             2.98619e-02             7.90000e-01
  -3.90979e-04             2.98673e-02             7.90000e-01