7.33382e-04             4.08385e-02             5.72105e-01
   7.35840e-04             4.08311e-02             5.72105e-01
   7.40755e-04             4.08161e-02             5.72105e-01
   7.48126e-04             4.07938e-02             5.72105e-01
   7.57951e-04             4.07639e-02             5.72105e-01
   7.70229e-04             4.07266e-02             5.72105e-01
   7.86322e-04             4.06818e-02             5.72105e-01
   8.05180e-04             4.06297e-02             5.72105e-01
   8.26718e-04             4.05700e-02             5.72105e-01
   8.50932e-04             4.05030e-02             5.72105e-01
   8.77816e-04             4.04286e-02             5.72105e-01
   9.08430e-04             4.03468e-02             5.72105e-01
   9.42459e-04             4.02577e-02             5.72105e-01
   9.79286e-04             4.01612e-02             5.72105e-01
   1.01890e-03             4.00574e-02             5.72105e-01
   1.06130e-03             3.99463e-02             5.72105e-01
   1.10640e-03             3.98280e-02             5.72105e-01
   1.15420e-03             3.97024e-02             5.72105e-01
   1.20475e-03             3.95697e-02             5.72105e-01
   1.25801e-03             3.94298e-02             5.72105e-01
   1.31400e-03             3.92827e-02             5.72105e-01
   1.37034e-03             3.91287e-02             5.72105e-01
   1.42795e-03             3.89676e-02             5.72105e-01
   1.48807e-03             3.87994e-02             5.72105e-01
   1.55067e-03             3.86244e-02             5.72105e-01
   1.61576e-03             3.84424e-02             5.72105e-01
   1.67738e-03             3.82536e-02             5.72105e-01
   1.74041e-03             3.80580e-02             5.72105e-01
   1.80563e-03             3.78556e-02             5.72105e-01
   1.87302e-03             3.76465e-02             5.72105e-01
   1.94136e-03             3.74307e-02             5.72105e-01
   2.00532e-03             3.72085e-02             5.72105e-01
   2.07117e-03             3.69796e-02             5.72105e-01
   2.13890e-03             3.67443e-02             5.72105e-01
   2.20848e-03             3.65025e-02             5.72105e-01
   2.27756e-03             3.62544e-02             5.72105e-01
   2.34502e-03             3.59999e-02             5.72105e-01
   2.41414e-03             3.57393e-02             5.72105e-01
   2.48491e-03             3.54724e-02             5.72105e-01
   2.55731e-03             3.51994e-02             5.72105e-01
   2.62854e-03             3.49203e-02             5.72105e-01
   2.69973e-03             3.46353e-02             5.72105e-01
   2.77240e-03             3.43444e-02             5.72105e-01
   2.84653e-03             3.40476e-02             5.72105e-01
   2.92211e-03             3.37450e-02             5.72105e-01
   2.99537e-03             3.34368e-02             5.72105e-01
   3.06938e-03             3.31230e-02             5.72105e-01
   3.14470e-03             3.28036e-02             5.72105e-01
   3.22130e-03             3.24787e-02             5.72105e-01
   3.29876e-03             3.21485e-02             5.72105e-01
   3.37352e-03             3.18130e-02             5.72105e-01
   3.44945e-03             3.14723e-02             5.72105e-01
   3.52653e-03             3.11264e-02             5.72105e-01
   3.60473e-03             3.07755e-02             5.72105e-01
   3.68244e-03             3.04196e-02             5.72105e-01
   3.75824e-03             3.00589e-02             5.72105e-01
   3.83505e-03             2.96935e-02             5.72105e-01
   3.91285e-03             2.93233e-02             5.72105e-01
   3.99161e-03             2.89485e-02             5.72105e-01
   4.06827e-03             2.85692e-02             5.72105e-01
   4.14397e-03             2.81855e-02             5.72105e-01
   4.22054e-03             2.77976e-02             5.72105e-01
   4.29793e-03             2.74053e-02             5.72105e-01
   4.37615e-03             2.70090e-02             5.72105e-01
   4.44986e-03             2.66086e-02             5.72105e-01
   4.52388e-03             2.62044e-02             5.72105e-01
   4.59859e-03             2.57963e-02             5.72105e-01
   4.67399e-03             2.53845e-02             5.72105e-01
   4.74831e-03             2.49691e-02             5.72105e-01
   4.81815e-03             2.45502e-02             5.72105e-01
   4.88856e-03             2.41279e-02             5.72105e-01
   4.95953e-03             2.37022e-02             5.72105e-01
   5.03104e-03             2.32734e-02             5.72105e-01
   5.09751e-03             2.28415e-02             5.72105e-01
   5.16110e-03             2.24067e-02             5.72105e-01
   5.22511e-03             2.19689e-02             5.72105e-01
   5.28953e-03             2.15284e-02             5.72105e-01
   5.35419e-03             2.10852e-02             5.72105e-01
   5.41009e-03             2.06396e-02             5.72105e-01
   5.46630e-03             2.01915e-02             5.72105e-01
   5.52280e-03             1.97411e-02             5.72105e-01
   5.57959e-03             1.92884e-02             5.72105e-01
   5.63267e-03             1.88337e-02             5.72105e-01
   5.68045e-03             1.83770e-02             5.72105e-01
   5.72843e-03             1.79184e-02             5.72105e-01
   5.77660e-03             1.74581e-02             5.72105e-01
   5.82494e-03             1.69960e-02             5.72105e-01
   5.86539e-03             1.65326e-02             5.72105e-01
   5.90435e-03             1.60677e-02             5.72105e-01
   5.94342e-03             1.56015e-02             5.72105e-01
   5.98260e-03             1.51340e-02             5.72105e-01
   6.01943e-03             1.46655e-02             5.72105e-01
   6.04913e-03             1.41962e-02             5.72105e-01
   6.07888e-03             1.37260e-02             5.72105e-01
   6.10869e-03             1.32550e-02             5.72105e-01
   6.13853e-03             1.27833e-02             5.72105e-01
   6.16178e-03             1.23113e-02             5.72105e-01
   6.18182e-03             1.18389e-02             5.72105e-01
   6.20187e-03             1.13662e-02             5.72105e-01
   6.22193e-03             1.08934e-02             5.72105e-01
   6.24103e-03             1.04205e-02             5.72105e-01
   6.25123e-03             9.94782e-03             5.72105e-01
   6.26144e-03             9.47532e-03             5.72105e-01
   6.27163e-03             9.00311e-03             5.72105e-01
   6.28182e-03             8.53131e-03             5.72105e-01
   6.28694e-03             8.06013e-03             5.72105e-01
   6.28746e-03             7.58966e-03             5.72105e-01
   6.28798e-03             7.11996e-03             5.72105e-01
   6.28849e-03             6.65112e-03             5.72105e-01
   6.28901e-03             6.18328e-03             5.72105e-01
   6.27995e-03             5.71671e-03             5.72105e-01
   6.27041e-03             5.25137e-03             5.72105e-01
   6.26089e-03             4.78736e-03             5.72105e-01
   6.25140e-03             4.32480e-03             5.72105e-01
   6.23815e-03             3.86386e-03             5.72105e-01
   6.21865e-03             3.40472e-03             5.72105e-01
   6.19923e-03             2.94737e-03             5.72105e-01
   6.17990e-03             2.49191e-03             5.72105e-01
   6.16064e-03             2.03847e-03             5.72105e-01
   6.13349e-03             1.58730e-03             5.72105e-01
   6.10452e-03             1.13840e-03             5.72105e-01
   6.07570e-03             6.91840e-04             5.72105e-01
   6.04704e-03             2.47742e-04             5.72105e-01
   6.01620e-03            -1.93749e-04             5.72105e-01
   5.97787e-03            -6.32427e-04             5.72105e-01
   5.93979e-03            -1.06832e-03             5.72105e-01
   5.90195e-03            -1.50133e-03             5.72105e-01
   5.86438e-03            -1.93134e-03             5.72105e-01
   5.82039e-03            -2.35812e-03             5.72105e-01
   5.77332e-03            -2.78164e-03             5.72105e-01
   5.72662e-03            -3.20185e-03             5.72105e-01
   5.68031e-03            -3.61864e-03             5.72105e-01
   5.63340e-03            -4.03190e-03             5.72105e-01
   5.57732e-03            -4.44136e-03             5.72105e-01
   5.52174e-03            -4.84711e-03             5.72105e-01
   5.46669e-03            -5.24903e-03             5.72105e-01
   5.41218e-03            -5.64704e-03             5.72105e-01
   5.35267e-03            -6.04093e-03             5.72105e-01
   5.28882e-03            -6.43063e-03             5.72105e-01
   5.22567e-03            -6.81611e-03             5.72105e-01
   5.16322e-03            -7.19729e-03             5.72105e-01
   5.10149e-03            -7.57407e-03             5.72105e-01
   5.03005e-03            -7.94618e-03             5.72105e-01
   4.95912e-03            -8.31369e-03             5.72105e-01
   4.88908e-03            -8.67654e-03             5.72105e-01
   4.81997e-03            -9.03463e-03             5.72105e-01
   4.74708e-03            -9.38779e-03             5.72105e-01
   4.66847e-03            -9.73589e-03             5.72105e-01
   4.59099e-03            -1.00790e-02             5.72105e-01
   4.51467e-03            -1.04170e-02             5.72105e-01
   4.43952e-03            -1.07497e-02             5.72105e-01
   4.35536e-03            -1.10771e-02             5.72105e-01
   4.27096e-03            -1.13991e-02             5.72105e-01
   4.18799e-03            -1.17156e-02             5.72105e-01
   4.10646e-03            -1.20266e-02             5.72105e-01
   4.02230e-03            -1.23320e-02             5.72105e-01
   3.93119e-03            -1.26316e-02             5.72105e-01
   3.84182e-03            -1.29255e-02             5.72105e-01
   3.75422e-03            -1.32135e-02             5.72105e-01
   3.66840e-03            -1.34957e-02             5.72105e-01
   3.57367e-03            -1.37718e-02             5.72105e-01
   3.47830e-03            -1.40418e-02             5.72105e-01
   3.38507e-03            -1.43057e-02             5.72105e-01
   3.29400e-03            -1.45635e-02             5.72105e-01
   3.20106e-03            -1.48150e-02             5.72105e-01
   3.10034e-03            -1.50601e-02             5.72105e-01
   3.00222e-03            -1.52989e-02             5.72105e-01
   2.90672e-03            -1.55313e-02             5.72105e-01
   2.81386e-03            -1.57573e-02             5.72105e-01
   2.71048e-03            -1.59766e-02             5.72105e-01
   2.60676e-03            -1.61893e-02             5.72105e-01
   2.50625e-03            -1.63953e-02             5.72105e-01
   2.40897e-03            -1.65948e-02             5.72105e-01
   2.30880e-03            -1.67875e-02             5.72105e-01
   2.19992e-03            -1.69732e-02             5.72105e-01
   2.09500e-03            -1.71521e-02             5.72105e-01
   1.99408e-03            -1.73243e-02             5.72105e-01
   1.89717e-03            -1.74896e-02             5.72105e-01
   1.78631e-03            -1.76477e-02             5.72105e-01
   1.67819e-03            -1.77988e-02             5.72105e-01
   1.57505e-03            -1.79430e-02             5.72105e-01
   1.47691e-03            -1.80801e-02             5.72105e-01
   1.37130e-03            -1.82101e-02             5.72105e-01
   1.25864e-03            -1.83328e-02             5.72105e-01
   1.15246e-03            -1.84484e-02             5.72105e-01
   1.05279e-03            -1.85569e-02             5.72105e-01
   9.55607e-04            -1.86582e-02             5.72105e-01
   8.39058e-04            -1.87520e-02             5.72105e-01
   7.31363e-04            -1.88386e-02             5.72105e-01
   6.32550e-04            -1.89180e-02             5.72105e-01
   5.42642e-04            -1.89904e-02             5.72105e-01
   4.30029e-04            -1.90549e-02             5.72105e-01
   3.20265e-04            -1.91122e-02             5.72105e-01
   2.24162e-04            -1.91623e-02             5.72105e-01
   1.41744e-04            -1.92053e-02             5.72105e-01
   3.53909e-05            -1.92405e-02             5.72105e-01
  -9.48107e-05            -1.92678e-02             5.72105e-01
  -1.92490e-04            -1.92883e-02             5.72105e-01
  -2.57623e-04            -1.93020e-02             5.72105e-01
  -2.90193e-04            -1.93088e-02             5.72105e-01
  -3.63218e-04            -1.93001e-02             5.72105e-01
  -5.09250e-04            -1.92826e-02             5.72105e-01
  -6.39420e-04            -1.92580e-02             5.72105e-01
  -6.73699e-04            -1.92277e-02             5.72105e-01
  -7.16533e-04            -1.91899e-02             5.72105e-01
  -7.67910e-04            -1.91445e-02             5.72105e-01
  -8.27818e-04            -1.90916e-02             5.72105e-01
  -8.71197e-04            -1.90315e-02             5.72105e-01
  -8.95302e-04            -1.89645e-02             5.72105e-01
  -9.22065e-04            -1.88901e-02             5.72105e-01
  -9.51478e-04            -1.88084e-02             5.72105e-01
  -9.83535e-04            -1.87192e-02             5.72105e-01
  -1.01336e-03            -1.86229e-02             5.72105e-01
  -1.03151e-03            -1.85195e-02             5.72105e-01
  -1.05093e-03            -1.84088e-02             5.72105e-01
  -1.07162e-03            -1.82909e-02             5.72105e-01
  -1.09357e-03            -1.81658e-02             5.72105e-01
  -1.11614e-03            -1.80336e-02             5.72105e-01
  -1.12562e-03            -1.78945e-02             5.72105e-01
  -1.13559e-03            -1.77482e-02             5.72105e-01
  -1.14604e-03            -1.75950e-02             5.72105e-01
  -1.15696e-03            -1.74347e-02             5.72105e-01
  -1.16836e-03            -1.72675e-02             5.72105e-01
  -1.17007e-03            -1.70935e-02             5.72105e-01
  -1.17013e-03            -1.69127e-02             5.72105e-01
  -1.17019e-03            -1.67250e-02             5.72105e-01
  -1.17025e-03            -1.65305e-02             5.72105e-01
  -1.17032e-03            -1.63293e-02             5.72105e-01
  -1.16533e-03            -1.61215e-02             5.72105e-01
  -1.15733e-03            -1.59071e-02             5.72105e-01
  -1.14908e-03            -1.56862e-02             5.72105e-01
  -1.14059e-03            -1.54587e-02             5.72105e-01
  -1.13186e-03            -1.52247e-02             5.72105e-01
  -1.12094e-03            -1.49843e-02             5.72105e-01
  -1.10643e-03            -1.47377e-02             5.72105e-01
  -1.09155e-03            -1.44847e-02             5.72105e-01
  -1.07630e-03            -1.42256e-02             5.72105e-01
  -1.06068e-03            -1.39602e-02             5.72105e-01
  -1.04453e-03            -1.36888e-02             5.72105e-01
  -1.02530e-03            -1.34114e-02             5.72105e-01
  -1.00565e-03            -1.31280e-02             5.72105e-01
  -9.85600e-04            -1.28388e-02             5.72105e-01
  -9.65143e-04            -1.25437e-02             5.72105e-01
  -9.44288e-04            -1.22428e-02             5.72105e-01
  -9.21711e-04            -1.19363e-02             5.72105e-01
  -8.98221e-04            -1.16243e-02             5.72105e-01
  -8.74316e-04            -1.13067e-02             5.72105e-01
  -8.50001e-04            -1.09836e-02             5.72105e-01
  -8.25283e-04            -1.06552e-02             5.72105e-01
  -7.99821e-04            -1.03215e-02             5.72105e-01
  -7.73394e-04            -9.98264e-03             5.72105e-01
  -7.46569e-04            -9.63865e-03             5.72105e-01
  -7.19351e-04            -9.28962e-03             5.72105e-01
  -6.91747e-04            -8.93565e-03             5.72105e-01
  -6.63758e-04            -8.57682e-03             5.72105e-01
  -6.35066e-04            -8.21323e-03             5.72105e-01
  -6.06005e-04            -7.84496e-03             5.72105e-01
  -5.76581e-04            -7.47210e-03             5.72105e-01
  -5.46803e-04            -7.09475e-03             5.72105e-01
  -5.16677e-04            -6.71299e-03             5.72105e-01
  -4.86259e-04            -6.32692e-03             5.72105e-01
  -4.55533e-04            -5.93663e-03             5.72105e-01
  -4.24484e-04            -5.54223e-03             5.72105e-01
  -3.93118e-04            -5.14380e-03             5.72105e-01
  -3.61443e-04            -4.74146e-03             5.72105e-01
  -3.29655e-04            -4.33528e-03             5.72105e-01
  -2.98045e-04            -3.92538e-03             5.72105e-01
  -2.66156e-04            -3.51185e-03             5.72105e-01
  -2.33995e-04            -3.09481e-03             5.72105e-01
  -2.01571e-04            -2.67434e-03             5.72105e-01
  -1.68892e-04            -2.25057e-03             5.72105e-01
  -1.36788e-04            -1.82357e-03             5.72105e-01
  -1.04527e-04            -1.39346e-03             5.72105e-01
  -7.20412e-05            -9.60361e-04             5.72105e-01
  -3.93387e-05            -5.24369e-04             5.72105e-01
  -6.42743e-06            -8.55941e-05             5.72105e-01
   2.62543e-05             3.55863e-04             5.72105e-01
   5.87620e-05             7.99893e-04             5.72105e-01
   9.14495e-05             1.24638e-03             5.72105e-01
   1.24309e-04             1.69521e-03             5.72105e-01
   1.57332e-04             2.14628e-03             5.72105e-01
   1.90355e-04             2.59947e-03             5.72105e-01
   2.22765e-04             3.05469e-03             5.72105e-01
   2.55310e-04             3.51181e-03             5.72105e-01
   2.87982e-04             3.97072e-03             5.72105e-01
   3.20774e-04             4.43130e-03             5.72105e-01
   3.53676e-04             4.89344e-03             5.72105e-01
   3.86439e-04             5.35703e-03             5.72105e-01
   4.19236e-04             5.82196e-03             5.72105e-01
   4.52118e-04             6.28810e-03             5.72105e-01
   4.85078e-04             6.75534e-03             5.72105e-01
   5.18108e-04             7.22357e-03             5.72105e-01
   5.51327e-04             7.69267e-03             5.72105e-01
   5.84772e-04             8.16253e-03             5.72105e-01
   6.18262e-04             8.63302e-03             5.72105e-01
   6.51790e-04             9.10403e-03             5.72105e-01
   6.85346e-04             9.57546e-03             5.72105e-01
   7.18915e-04             1.00472e-02             5.72105e-01
   7.52327e-04             1.05191e-02             5.72105e-01
   7.85743e-04             1.09910e-02             5.72105e-01
   8.19155e-04             1.14629e-02             5.72105e-01
   8.52555e-04             1.19346e-02             5.72105e-01
   8.85934e-04             1.24060e-02             5.72105e-01
   9.18240e-04             1.28771e-02             5.72105e-01
   9.49928e-04             1.33476e-02             5.72105e-01
   9.81574e-04             1.38175e-02             5.72105e-01
   1.01317e-03             1.42866e-02             5.72105e-01
   1.04470e-03             1.47549e-02             5.72105e-01
   1.07550e-03             1.52222e-02             5.72105e-01
   1.10336e-03             1.56884e-02             5.72105e-01
   1.13114e-03             1.61534e-02             5.72105e-01
   1.15885e-03             1.66171e-02             5.72105e-01
   1.18647e-03             1.70793e-02             5.72105e-01
   1.21400e-03             1.75400e-02             5.72105e-01
   1.23812e-03             1.79991e-02             5.72105e-01
   1.26067e-03             1.84564e-02             5.72105e-01
   1.28314e-03             1.89118e-02             5.72105e-01
   1.30551e-03             1.93651e-02             5.72105e-01
   1.32777e-03             1.98164e-02             5.72105e-01
   1.34917e-03             2.02654e-02             5.72105e-01
   1.36662e-03             2.07122e-02             5.72105e-01
   1.38396e-03             2.11565e-02             5.72105e-01
   1.40121e-03             2.15982e-02             5.72105e-01
   1.41836e-03             2.20373e-02             5.72105e-01
   1.43539e-03             2.24736e-02             5.72105e-01
   1.44939e-03             2.29070e-02             5.72105e-01
   1.46138e-03             2.33375e-02             5.72105e-01
   1.47327e-03             2.37648e-02             5.72105e-01
   1.48508e-03             2.41890e-02             5.72105e-01
   1.49679e-03             2.46098e-02             5.72105e-01
   1.50835e-03             2.50272e-02             5.72105e-01
   1.51479e-03             2.54412e-02             5.72105e-01
   1.52119e-03             2.58516e-02             5.72105e-01
   1.52752e-03             2.62582e-02             5.72105e-01
   1.53380e-03             2.66610e-02             5.72105e-01
   1.54001e-03             2.70599e-02             5.72105e-01
   1.54410e-03             2.74548e-02             5.72105e-01
   1.54502e-03             2.78456e-02             5.72105e-01
   1.54592e-03             2.82322e-02             5.72105e-01
   1.54682e-03             2.86145e-02             5.72105e-01
   1.54771e-03             2.89924e-02             5.72105e-01
   1.54859e-03             2.93657e-02             5.72105e-01
   1.54528e-03             2.97346e-02             5.72105e-01
   1.54066e-03             3.00988e-02             5.72105e-01
   1.53610e-03             3.04582e-02             5.72105e-01
   1.53160e-03             3.08127e-02             5.72105e-01
   1.52717e-03             3.11623e-02             5.72105e-01
   1.52235e-03             3.15069e-02             5.72105e-01
   1.51257e-03             3.18464e-02             5.72105e-01
   1.50294e-03             3.21807e-02             5.72105e-01
   1.49346e-03             3.25098e-02             5.72105e-01
   1.48414e-03             3.28334e-02             5.72105e-01
   1.47497e-03             3.31516e-02             5.72105e-01
   1.46382e-03             3.34643e-02             5.72105e-01
   1.44946e-03             3.37715e-02             5.72105e-01
   1.43536e-03             3.40729e-02             5.72105e-01
   1.42154e-03             3.43686e-02             5.72105e-01
   1.40798e-03             3.46585e-02             5.72105e-01
   1.39471e-03             3.49425e-02             5.72105e-01
   1.37822e-03             3.52205e-02             5.72105e-01
   1.36033e-03             3.54926e-02             5.72105e-01
   1.34285e-03             3.57585e-02             5.72105e-01
   1.32577e-03             3.60182e-02             5.72105e-01
   1.30911e-03             3.62717e-02             5.72105e-01
   1.29286e-03             3.65189e-02             5.72105e-01
   1.27216e-03             3.67599e-02             5.72105e-01
   1.25158e-03             3.69944e-02             5.72105e-01
   1.23156e-03             3.72224e-02             5.72105e-01
   1.21212e-03             3.74438e-02             5.72105e-01
   1.19326e-03             3.76587e-02             5.72105e-01
   1.17419e-03             3.78669e-02             5.72105e-01
   1.15117e-03             3.80686e-02             5.72105e-01
   1.12892e-03             3.82634e-02             5.72105e-01
   1.10745e-03             3.84515e-02             5.72105e-01
   1.08676e-03             3.86327e-02             5.72105e-01
   1.06686e-03             3.88070e-02             5.72105e-01
   1.04590e-03             3.89744e-02             5.72105e-01
   1.02250e-03             3.91349e-02             5.72105e-01
   1.00013e-03             3.92884e-02             5.72105e-01
   9.78786e-04             3.94348e-02             5.72105e-01
   9.58477e-04             3.95741e-02             5.72105e-01
   9.39208e-04             3.97063e-02             5.72105e-01
   9.19021e-04             3.98313e-02             5.72105e-01
   8.98557e-04             3.99492e-02             5.72105e-01
   8.79347e-04             4.00599e-02             5.72105e-01
   8.61397e-04             4.01633e-02             5.72105e-01
   8.44710e-04             4.02594e-02             5.72105e-01
   8.29291e-04             4.03482e-02             5.72105e-01
   8.13890e-04             4.04298e-02             5.72105e-01
   7.99666e-04             4.05039e-02             5.72105e-01
   7.86854e-04             4.05708e-02             5.72105e-01
   7.75458e-04             4.06302e-02             5.72105e-01
   7.65481e-04             4.06822e-02             5.72105e-01
   7.56794e-04             4.07268e-02             5.72105e-01
   7.48993e-04             4.07641e-02             5.72105e-01
   7.42750e-04             4.07938e-02             5.72105e-01
   7.38067e-04             4.08162e-02             5.72105e-01
   7.34944e-04             4.08311e-02             5.72105e-01
   7.33382e-04             4.08385e-02             5.72105e-01