-1.57385e-04             3.28181e-02             7.17368e-01
  -1.55275e-04             3.28121e-02             7.17368e-01
  -1.51054e-04             3.28002e-02             7.17368e-01
  -1.44723e-04             3.27823e-02             7.17368e-01
  -1.36285e-04             3.27585e-02             7.17368e-01
  -1.25741e-04             3.27288e-02             7.17368e-01
  -1.11996e-04             3.26932e-02             7.17368e-01
  -9.58938e-05             3.26516e-02             7.17368e-01
  -7.75026e-05             3.26041e-02             7.17368e-01
  -5.68270e-05             3.25507e-02             7.17368e-01
  -3.38721e-05             3.24914e-02             7.17368e-01
  -7.78505e-06             3.24263e-02             7.17368e-01
   2.11795e-05             3.23553e-02             7.17368e-01
   5.25254e-05             3.22784e-02             7.17368e-01
   8.62449e-05             3.21958e-02             7.17368e-01
   1.22330e-04             3.21073e-02             7.17368e-01
   1.60723e-04             3.20131e-02             7.17368e-01
   2.01417e-04             3.19131e-02             7.17368e-01
   2.44443e-04             3.18074e-02             7.17368e-01
   2.89790e-04             3.16960e-02             7.17368e-01
   3.37447e-04             3.15789e-02             7.17368e-01
   3.85520e-04             3.14562e-02             7.17368e-01
   4.34743e-04             3.13278e-02             7.17368e-01
   4.86107e-04             3.11939e-02             7.17368e-01
   5.39600e-04             3.10544e-02             7.17368e-01
   5.95209e-04             3.09094e-02             7.17368e-01
   6.48160e-04             3.07589e-02             7.17368e-01
   7.02367e-04             3.06029e-02             7.17368e-01
   7.58453e-04             3.04415e-02             7.17368e-01
   8.16405e-04             3.02748e-02             7.17368e-01
   8.75249e-04             3.01027e-02             7.17368e-01
   9.30690e-04             2.99254e-02             7.17368e-01
   9.87768e-04             2.97427e-02             7.17368e-01
   1.04647e-03             2.95549e-02             7.17368e-01
   1.10678e-03             2.93620e-02             7.17368e-01
   1.16681e-03             2.91639e-02             7.17368e-01
   1.22565e-03             2.89608e-02             7.17368e-01
   1.28594e-03             2.87526e-02             7.17368e-01
   1.34767e-03             2.85395e-02             7.17368e-01
   1.41081e-03             2.83216e-02             7.17368e-01
   1.47313e-03             2.80987e-02             7.17368e-01
   1.53553e-03             2.78711e-02             7.17368e-01
   1.59922e-03             2.76387e-02             7.17368e-01
   1.66419e-03             2.74017e-02             7.17368e-01
   1.73043e-03             2.71600e-02             7.17368e-01
   1.79492e-03             2.69138e-02             7.17368e-01
   1.86010e-03             2.66630e-02             7.17368e-01
   1.92644e-03             2.64078e-02             7.17368e-01
   1.99392e-03             2.61483e-02             7.17368e-01
   2.06217e-03             2.58844e-02             7.17368e-01
   2.12836e-03             2.56163e-02             7.17368e-01
   2.19558e-03             2.53440e-02             7.17368e-01
   2.26381e-03             2.50676e-02             7.17368e-01
   2.33305e-03             2.47871e-02             7.17368e-01
   2.40198e-03             2.45027e-02             7.17368e-01
   2.46946e-03             2.42144e-02             7.17368e-01
   2.53784e-03             2.39222e-02             7.17368e-01
   2.60709e-03             2.36262e-02             7.17368e-01
   2.67722e-03             2.33266e-02             7.17368e-01
   2.74572e-03             2.30233e-02             7.17368e-01
   2.81355e-03             2.27165e-02             7.17368e-01
   2.88214e-03             2.24063e-02             7.17368e-01
   2.95148e-03             2.20926e-02             7.17368e-01
   3.02156e-03             2.17757e-02             7.17368e-01
   3.08809e-03             2.14554e-02             7.17368e-01
   3.15493e-03             2.11321e-02             7.17368e-01
   3.22241e-03             2.08056e-02             7.17368e-01
   3.29050e-03             2.04762e-02             7.17368e-01
   3.35779e-03             2.01439e-02             7.17368e-01
   3.42155e-03             1.98087e-02             7.17368e-01
   3.48583e-03             1.94707e-02             7.17368e-01
   3.55062e-03             1.91301e-02             7.17368e-01
   3.61590e-03             1.87869e-02             7.17368e-01
   3.67719e-03             1.84412e-02             7.17368e-01
   3.73621e-03             1.80931e-02             7.17368e-01
   3.79563e-03             1.77426e-02             7.17368e-01
   3.85543e-03             1.73900e-02             7.17368e-01
   3.91547e-03             1.70351e-02             7.17368e-01
   3.96852e-03             1.66782e-02             7.17368e-01
   4.02187e-03             1.63193e-02             7.17368e-01
   4.07549e-03             1.59585e-02             7.17368e-01
   4.12938e-03             1.55959e-02             7.17368e-01
   4.18033e-03             1.52316e-02             7.17368e-01
   4.22706e-03             1.48656e-02             7.17368e-01
   4.27398e-03             1.44982e-02             7.17368e-01
   4.32109e-03             1.41293e-02             7.17368e-01
   4.36836e-03             1.37590e-02             7.17368e-01
   4.40933e-03             1.33874e-02             7.17368e-01
   4.44912e-03             1.30147e-02             7.17368e-01
   4.48903e-03             1.26409e-02             7.17368e-01
   4.52904e-03             1.22662e-02             7.17368e-01
   4.56719e-03             1.18905e-02             7.17368e-01
   4.59963e-03             1.15140e-02             7.17368e-01
   4.63213e-03             1.11369e-02             7.17368e-01
   4.66467e-03             1.07591e-02             7.17368e-01
   4.69727e-03             1.03808e-02             7.17368e-01
   4.72457e-03             1.00020e-02             7.17368e-01
   4.74930e-03             9.62293e-03             7.17368e-01
   4.77405e-03             9.24360e-03             7.17368e-01
   4.79881e-03             8.86414e-03             7.17368e-01
   4.82279e-03             8.48462e-03             7.17368e-01
   4.83963e-03             8.10512e-03             7.17368e-01
   4.85646e-03             7.72576e-03             7.17368e-01
   4.87329e-03             7.34663e-03             7.17368e-01
   4.89009e-03             6.96783e-03             7.17368e-01
   4.90282e-03             6.58943e-03             7.17368e-01
   4.91184e-03             6.21153e-03             7.17368e-01
   4.92084e-03             5.83423e-03             7.17368e-01
   4.92982e-03             5.45764e-03             7.17368e-01
   4.93879e-03             5.08184e-03             7.17368e-01
   4.94004e-03             4.70689e-03             7.17368e-01
   4.94088e-03             4.33292e-03             7.17368e-01
   4.94172e-03             3.96002e-03             7.17368e-01
   4.94255e-03             3.58828e-03             7.17368e-01
   4.94033e-03             3.21778e-03             7.17368e-01
   4.93306e-03             2.84860e-03             7.17368e-01
   4.92582e-03             2.48087e-03             7.17368e-01
   4.91862e-03             2.11466e-03             7.17368e-01
   4.91144e-03             1.75007e-03             7.17368e-01
   4.89787e-03             1.38715e-03             7.17368e-01
   4.88281e-03             1.02603e-03             7.17368e-01
   4.86782e-03             6.66798e-04             7.17368e-01
   4.85291e-03             3.09540e-04             7.17368e-01
   4.83622e-03            -4.56630e-05             7.17368e-01
   4.81345e-03            -3.98743e-04             7.17368e-01
   4.79082e-03            -7.49584e-04             7.17368e-01
   4.76834e-03            -1.09810e-03             7.17368e-01
   4.74602e-03            -1.44420e-03             7.17368e-01
   4.71849e-03            -1.78783e-03             7.17368e-01
   4.68842e-03            -2.12890e-03             7.17368e-01
   4.65859e-03            -2.46729e-03             7.17368e-01
   4.62900e-03            -2.80294e-03             7.17368e-01
   4.59888e-03            -3.13575e-03             7.17368e-01
   4.56131e-03            -3.46569e-03             7.17368e-01
   4.52409e-03            -3.79264e-03             7.17368e-01
   4.48721e-03            -4.11650e-03             7.17368e-01
   4.45070e-03            -4.43721e-03             7.17368e-01
   4.41010e-03            -4.75470e-03             7.17368e-01
   4.36594e-03            -5.06890e-03             7.17368e-01
   4.32225e-03            -5.37970e-03             7.17368e-01
   4.27906e-03            -5.68703e-03             7.17368e-01
   4.23636e-03            -5.99082e-03             7.17368e-01
   4.18577e-03            -6.29103e-03             7.17368e-01
   4.13551e-03            -6.58755e-03             7.17368e-01
   4.08589e-03            -6.88030e-03             7.17368e-01
   4.03692e-03            -7.16920e-03             7.17368e-01
   3.98482e-03            -7.45422e-03             7.17368e-01
   3.92804e-03            -7.73528e-03             7.17368e-01
   3.87207e-03            -8.01228e-03             7.17368e-01
   3.81694e-03            -8.28517e-03             7.17368e-01
   3.76266e-03            -8.55387e-03             7.17368e-01
   3.70104e-03            -8.81835e-03             7.17368e-01
   3.63913e-03            -9.07853e-03             7.17368e-01
   3.57826e-03            -9.33431e-03             7.17368e-01
   3.51846e-03            -9.58565e-03             7.17368e-01
   3.45644e-03            -9.83250e-03             7.17368e-01
   3.38873e-03            -1.00748e-02             7.17368e-01
   3.32231e-03            -1.03125e-02             7.17368e-01
   3.25721e-03            -1.05455e-02             7.17368e-01
   3.19343e-03            -1.07737e-02             7.17368e-01
   3.12239e-03            -1.09972e-02             7.17368e-01
   3.05071e-03            -1.12158e-02             7.17368e-01
   2.98064e-03            -1.14296e-02             7.17368e-01
   2.91221e-03            -1.16383e-02             7.17368e-01
   2.84214e-03            -1.18421e-02             7.17368e-01
   2.76572e-03            -1.20408e-02             7.17368e-01
   2.69127e-03            -1.22344e-02             7.17368e-01
   2.61880e-03            -1.24228e-02             7.17368e-01
   2.54834e-03            -1.26061e-02             7.17368e-01
   2.46930e-03            -1.27841e-02             7.17368e-01
   2.38987e-03            -1.29568e-02             7.17368e-01
   2.31290e-03            -1.31242e-02             7.17368e-01
   2.23841e-03            -1.32862e-02             7.17368e-01
   2.16147e-03            -1.34428e-02             7.17368e-01
   2.07740e-03            -1.35939e-02             7.17368e-01
   1.99639e-03            -1.37396e-02             7.17368e-01
   1.91847e-03            -1.38797e-02             7.17368e-01
   1.84365e-03            -1.40143e-02             7.17368e-01
   1.75748e-03            -1.41433e-02             7.17368e-01
   1.67340e-03            -1.42667e-02             7.17368e-01
   1.59318e-03            -1.43844e-02             7.17368e-01
   1.51686e-03            -1.44964e-02             7.17368e-01
   1.43440e-03            -1.46027e-02             7.17368e-01
   1.34614e-03            -1.47033e-02             7.17368e-01
   1.26297e-03            -1.47981e-02             7.17368e-01
   1.18489e-03            -1.48871e-02             7.17368e-01
   1.10867e-03            -1.49702e-02             7.17368e-01
   1.01677e-03            -1.50477e-02             7.17368e-01
   9.31840e-04            -1.51192e-02             7.17368e-01
   8.53919e-04            -1.51849e-02             7.17368e-01
   7.83019e-04            -1.52446e-02             7.17368e-01
   6.93740e-04            -1.52985e-02             7.17368e-01
   6.06616e-04            -1.53465e-02             7.17368e-01
   5.30335e-04            -1.53885e-02             7.17368e-01
   4.64916e-04            -1.54246e-02             7.17368e-01
   3.80128e-04            -1.54548e-02             7.17368e-01
   2.76040e-04            -1.54791e-02             7.17368e-01
   1.97951e-04            -1.54974e-02             7.17368e-01
   1.45881e-04            -1.55095e-02             7.17368e-01
   1.19843e-04            -1.55156e-02             7.17368e-01
   6.10243e-05            -1.55099e-02             7.17368e-01
  -5.65989e-05            -1.54986e-02             7.17368e-01
  -1.61611e-04            -1.54812e-02             7.17368e-01
  -1.89700e-04            -1.54575e-02             7.17368e-01
  -2.24799e-04            -1.54279e-02             7.17368e-01
  -2.66899e-04            -1.53924e-02             7.17368e-01
  -3.15989e-04            -1.53509e-02             7.17368e-01
  -3.51931e-04            -1.53035e-02             7.17368e-01
  -3.72519e-04            -1.52501e-02             7.17368e-01
  -3.95377e-04            -1.51909e-02             7.17368e-01
  -4.20499e-04            -1.51257e-02             7.17368e-01
  -4.47879e-04            -1.50547e-02             7.17368e-01
  -4.73601e-04            -1.49778e-02             7.17368e-01
  -4.90068e-04            -1.48951e-02             7.17368e-01
  -5.07690e-04            -1.48066e-02             7.17368e-01
  -5.26463e-04            -1.47122e-02             7.17368e-01
  -5.46383e-04            -1.46122e-02             7.17368e-01
  -5.66930e-04            -1.45064e-02             7.17368e-01
  -5.77091e-04            -1.43948e-02             7.17368e-01
  -5.87770e-04            -1.42775e-02             7.17368e-01
  -5.98963e-04            -1.41546e-02             7.17368e-01
  -6.10668e-04            -1.40261e-02             7.17368e-01
  -6.22883e-04            -1.38919e-02             7.17368e-01
  -6.27436e-04            -1.37522e-02             7.17368e-01
  -6.30789e-04            -1.36069e-02             7.17368e-01
  -6.34268e-04            -1.34562e-02             7.17368e-01
  -6.37873e-04            -1.33000e-02             7.17368e-01
  -6.41603e-04            -1.31384e-02             7.17368e-01
  -6.41396e-04            -1.29713e-02             7.17368e-01
  -6.38888e-04            -1.27990e-02             7.17368e-01
  -6.36303e-04            -1.26213e-02             7.17368e-01
  -6.33642e-04            -1.24384e-02             7.17368e-01
  -6.30905e-04            -1.22503e-02             7.17368e-01
  -6.26527e-04            -1.20571e-02             7.17368e-01
  -6.19378e-04            -1.18587e-02             7.17368e-01
  -6.12045e-04            -1.16552e-02             7.17368e-01
  -6.04532e-04            -1.14468e-02             7.17368e-01
  -5.96841e-04            -1.12333e-02             7.17368e-01
  -5.88825e-04            -1.10150e-02             7.17368e-01
  -5.78448e-04            -1.07918e-02             7.17368e-01
  -5.67848e-04            -1.05638e-02             7.17368e-01
  -5.57028e-04            -1.03311e-02             7.17368e-01
  -5.45989e-04            -1.00937e-02             7.17368e-01
  -5.34736e-04            -9.85164e-03             7.17368e-01
  -5.22202e-04            -9.60503e-03             7.17368e-01
  -5.09038e-04            -9.35391e-03             7.17368e-01
  -4.95641e-04            -9.09835e-03             7.17368e-01
  -4.82015e-04            -8.83841e-03             7.17368e-01
  -4.68162e-04            -8.57416e-03             7.17368e-01
  -4.53809e-04            -8.30565e-03             7.17368e-01
  -4.38775e-04            -8.03296e-03             7.17368e-01
  -4.23515e-04            -7.75615e-03             7.17368e-01
  -4.08031e-04            -7.47529e-03             7.17368e-01
  -3.92328e-04            -7.19045e-03             7.17368e-01
  -3.76404e-04            -6.90170e-03             7.17368e-01
  -3.60003e-04            -6.60911e-03             7.17368e-01
  -3.43390e-04            -6.31275e-03             7.17368e-01
  -3.26571e-04            -6.01271e-03             7.17368e-01
  -3.09548e-04            -5.70904e-03             7.17368e-01
  -2.92327e-04            -5.40183e-03             7.17368e-01
  -2.74950e-04            -5.09115e-03             7.17368e-01
  -2.57403e-04            -4.77708e-03             7.17368e-01
  -2.39671e-04            -4.45970e-03             7.17368e-01
  -2.21758e-04            -4.13908e-03             7.17368e-01
  -2.03669e-04            -3.81531e-03             7.17368e-01
  -1.85558e-04            -3.48846e-03             7.17368e-01
  -1.67660e-04            -3.15861e-03             7.17368e-01
  -1.49603e-04            -2.82585e-03             7.17368e-01
  -1.31392e-04            -2.49026e-03             7.17368e-01
  -1.13033e-04            -2.15192e-03             7.17368e-01
  -9.45283e-05            -1.81092e-03             7.17368e-01
  -7.65452e-05            -1.46733e-03             7.17368e-01
  -5.84927e-05            -1.12125e-03             7.17368e-01
  -4.03144e-05            -7.72753e-04             7.17368e-01
  -2.20148e-05            -4.21933e-04             7.17368e-01
  -3.59842e-06            -6.88732e-05             7.17368e-01
   1.45846e-05             2.86337e-04             7.17368e-01
   3.25808e-05             6.43609e-04             7.17368e-01
   5.06765e-05             1.00286e-03             7.17368e-01
   6.88673e-05             1.36400e-03             7.17368e-01
   8.71486e-05             1.72693e-03             7.17368e-01
   1.05392e-04             2.09157e-03             7.17368e-01
   1.23105e-04             2.45783e-03             7.17368e-01
   1.40892e-04             2.82562e-03             7.17368e-01
   1.58748e-04             3.19485e-03             7.17368e-01
   1.76670e-04             3.56542e-03             7.17368e-01
   1.94652e-04             3.93725e-03             7.17368e-01
   2.12496e-04             4.31024e-03             7.17368e-01
   2.30342e-04             4.68431e-03             7.17368e-01
   2.48235e-04             5.05935e-03             7.17368e-01
   2.66170e-04             5.43528e-03             7.17368e-01
   2.84143e-04             5.81200e-03             7.17368e-01
   3.02253e-04             6.18942e-03             7.17368e-01
   3.20530e-04             6.56746e-03             7.17368e-01
   3.38831e-04             6.94600e-03             7.17368e-01
   3.57153e-04             7.32497e-03             7.17368e-01
   3.75491e-04             7.70427e-03             7.17368e-01
   3.93834e-04             8.08380e-03             7.17368e-01
   4.12047e-04             8.46347e-03             7.17368e-01
   4.30262e-04             8.84319e-03             7.17368e-01
   4.48476e-04             9.22286e-03             7.17368e-01
   4.66682e-04             9.60239e-03             7.17368e-01
   4.84878e-04             9.98168e-03             7.17368e-01
   5.02218e-04             1.03606e-02             7.17368e-01
   5.19072e-04             1.07392e-02             7.17368e-01
   5.35903e-04             1.11172e-02             7.17368e-01
   5.52707e-04             1.14946e-02             7.17368e-01
   5.69480e-04             1.18713e-02             7.17368e-01
   5.85672e-04             1.22473e-02             7.17368e-01
   5.99530e-04             1.26223e-02             7.17368e-01
   6.13351e-04             1.29963e-02             7.17368e-01
   6.27133e-04             1.33693e-02             7.17368e-01
   6.40872e-04             1.37411e-02             7.17368e-01
   6.54564e-04             1.41117e-02             7.17368e-01
   6.65541e-04             1.44809e-02             7.17368e-01
   6.75304e-04             1.48486e-02             7.17368e-01
   6.85026e-04             1.52148e-02             7.17368e-01
   6.94705e-04             1.55794e-02             7.17368e-01
   7.04339e-04             1.59423e-02             7.17368e-01
   7.13324e-04             1.63034e-02             7.17368e-01
   7.19170e-04             1.66626e-02             7.17368e-01
   7.24984e-04             1.70198e-02             7.17368e-01
   7.30764e-04             1.73750e-02             7.17368e-01
   7.36509e-04             1.77280e-02             7.17368e-01
   7.42218e-04             1.80787e-02             7.17368e-01
   7.45543e-04             1.84272e-02             7.17368e-01
   7.47299e-04             1.87732e-02             7.17368e-01
   7.49043e-04             1.91167e-02             7.17368e-01
   7.50774e-04             1.94576e-02             7.17368e-01
   7.52492e-04             1.97959e-02             7.17368e-01
   7.54142e-04             2.01314e-02             7.17368e-01
   7.51755e-04             2.04640e-02             7.17368e-01
   7.49390e-04             2.07938e-02             7.17368e-01
   7.47046e-04             2.11205e-02             7.17368e-01
   7.44724e-04             2.14442e-02             7.17368e-01
   7.42425e-04             2.17647e-02             7.17368e-01
   7.38487e-04             2.20820e-02             7.17368e-01
   7.32081e-04             2.23960e-02             7.17368e-01
   7.25744e-04             2.27065e-02             7.17368e-01
   7.19478e-04             2.30136e-02             7.17368e-01
   7.13284e-04             2.33172e-02             7.17368e-01
   7.07164e-04             2.36171e-02             7.17368e-01
   6.97767e-04             2.39133e-02             7.17368e-01
   6.87398e-04             2.42058e-02             7.17368e-01
   6.77164e-04             2.44944e-02             7.17368e-01
   6.67070e-04             2.47791e-02             7.17368e-01
   6.57116e-04             2.50599e-02             7.17368e-01
   6.46948e-04             2.53366e-02             7.17368e-01
   6.32885e-04             2.56091e-02             7.17368e-01
   6.19038e-04             2.58775e-02             7.17368e-01
   6.05411e-04             2.61416e-02             7.17368e-01
   5.92006e-04             2.64014e-02             7.17368e-01
   5.78826e-04             2.66569e-02             7.17368e-01
   5.64151e-04             2.69079e-02             7.17368e-01
   5.47001e-04             2.71543e-02             7.17368e-01
   5.30168e-04             2.73962e-02             7.17368e-01
   5.13657e-04             2.76335e-02             7.17368e-01
   4.97471e-04             2.78661e-02             7.17368e-01
   4.81616e-04             2.80940e-02             7.17368e-01
   4.63289e-04             2.83170e-02             7.17368e-01
   4.43950e-04             2.85352e-02             7.17368e-01
   4.25046e-04             2.87485e-02             7.17368e-01
   4.06581e-04             2.89568e-02             7.17368e-01
   3.88560e-04             2.91602e-02             7.17368e-01
   3.70987e-04             2.93584e-02             7.17368e-01
   3.49956e-04             2.95516e-02             7.17368e-01
   3.29136e-04             2.97396e-02             7.17368e-01
   3.08892e-04             2.99224e-02             7.17368e-01
   2.89229e-04             3.00999e-02             7.17368e-01
   2.70152e-04             3.02722e-02             7.17368e-01
   2.51022e-04             3.04391e-02             7.17368e-01
   2.28846e-04             3.06006e-02             7.17368e-01
   2.07413e-04             3.07568e-02             7.17368e-01
   1.86729e-04             3.09074e-02             7.17368e-01
   1.66798e-04             3.10526e-02             7.17368e-01
   1.47625e-04             3.11923e-02             7.17368e-01
   1.27725e-04             3.13264e-02             7.17368e-01
   1.05998e-04             3.14549e-02             7.17368e-01
   8.52216e-05             3.15777e-02             7.17368e-01
   6.54009e-05             3.16949e-02             7.17368e-01
   4.65408e-05             3.18065e-02             7.17368e-01
   2.86460e-05             3.19123e-02             7.17368e-01
   1.01447e-05             3.20124e-02             7.17368e-01
  -8.44841e-06             3.21067e-02             7.17368e-01
  -2.59018e-05             3.21952e-02             7.17368e-01
  -4.22112e-05             3.22780e-02             7.17368e-01
  -5.73724e-05             3.23549e-02             7.17368e-01
  -7.13819e-05             3.24260e-02             7.17368e-01
  -8.52436e-05             3.24912e-02             7.17368e-01
  -9.80251e-05             3.25505e-02             7.17368e-01
  -1.09538e-04             3.26039e-02             7.17368e-01
  -1.19778e-04             3.26515e-02             7.17368e-01
  -1.28744e-04             3.26931e-02             7.17368e-01
  -1.36538e-04             3.27288e-02             7.17368e-01
  -1.43484e-04             3.27585e-02             7.17368e-01
  -1.49043e-04             3.27823e-02             7.17368e-01
  -1.53214e-04             3.28002e-02             7.17368e-01
  -1.55995e-04             3.28121e-02             7.17368e-01
  -1.57385e-04             3.28181e-02             7.17368e-01